0.000000000000000000e+00 2.927200943141430433e-03
3.979591836734693716e-02 2.927200803795046609e-03
7.959183673469387432e-02 2.927200661322410490e-03
1.193877551020408045e-01 2.927200513682007548e-03
1.591836734693877486e-01 2.927200362784542018e-03
1.989795918367346927e-01 2.927200207236066443e-03
2.387755102040816091e-01 2.927200046814971632e-03
2.785714285714285809e-01 2.927199882372171977e-03
3.183673469387754973e-01 2.927199711196110370e-03
3.581632653061224136e-01 2.927199534275182809e-03
3.979591836734693855e-01 2.927199358197316546e-03
4.377551020408163018e-01 2.927199158990317126e-03
4.775510204081632182e-01 2.927198987603971039e-03
5.173469387755101900e-01 2.927198781529217857e-03
5.571428571428571619e-01 2.927198567351944284e-03
5.969387755102040227e-01 2.927198360528578992e-03
6.367346938775509946e-01 2.927198138341246224e-03
6.765306122448979664e-01 2.927197900144912039e-03
7.163265306122448273e-01 2.927197676503433439e-03
7.561224489795917991e-01 2.927197408111486751e-03
7.959183673469387710e-01 2.927197179191081550e-03
8.357142857142856318e-01 2.927196901024759108e-03
8.755102040816326037e-01 2.927196600805878970e-03
9.153061224489795755e-01 2.927196357347365205e-03
9.551020408163264364e-01 2.927196053716167330e-03
9.948979591836734082e-01 2.927195764360525018e-03
1.034693877551020380e+00 2.927195445140208605e-03
1.074489795918367241e+00 2.927195039005260450e-03
1.114285714285714324e+00 2.927194705375688565e-03
1.154081632653061185e+00 2.927194285314657467e-03
1.193877551020408045e+00 2.927193905010729794e-03
1.233673469387755128e+00 2.927193428771527207e-03
1.273469387755101989e+00 2.927192938636918960e-03
1.313265306122448850e+00 2.927192236259090752e-03
1.353061224489795933e+00 2.927191227555522163e-03
1.392857142857142794e+00 2.927189503679839336e-03
1.432653061224489655e+00 2.927186003726539067e-03
1.472448979591836737e+00 2.927178759779435445e-03
1.512244897959183598e+00 2.927161953239272411e-03
1.552040816326530459e+00 2.927120430632718789e-03
1.591836734693877542e+00 2.927009932178450697e-03
1.631632653061224403e+00 2.926686227158113891e-03
1.671428571428571264e+00 2.925631918909590498e-03
1.711224489795918347e+00 2.921831536353864268e-03
1.751020408163265207e+00 2.907113622751053648e-03
1.790816326530612068e+00 2.849983377267098581e-03
1.830612244897959151e+00 2.659344424035013383e-03
1.870408163265306012e+00 2.189330591636637867e-03
1.910204081632652873e+00 1.216016506593345500e-03
1.949999999999999956e+00 -8.211937141318235642e-04
