0.000000000000000000e+00 3.455985458520183153e-03
3.979591836734693716e-02 3.455985305912753856e-03
7.959183673469387432e-02 3.455985149688885812e-03
1.193877551020408045e-01 3.455984990229655704e-03
1.591836734693877486e-01 3.455984822147518953e-03
1.989795918367346927e-01 3.455984651092805157e-03
2.387755102040816091e-01 3.455984478307171266e-03
2.785714285714285809e-01 3.455984295240712573e-03
3.183673469387754973e-01 3.455984106814524292e-03
3.581632653061224136e-01 3.455983913356645235e-03
3.979591836734693855e-01 3.455983713130716516e-03
4.377551020408163018e-01 3.455983517435388085e-03
4.775510204081632182e-01 3.455983305814838442e-03
5.173469387755101900e-01 3.455983065399445987e-03
5.571428571428571619e-01 3.455982838831062141e-03
5.969387755102040227e-01 3.455982608274765430e-03
6.367346938775509946e-01 3.455982351201867739e-03
6.765306122448979664e-01 3.455982122274833292e-03
7.163265306122448273e-01 3.455981835166237713e-03
7.561224489795917991e-01 3.455981561196582591e-03
7.959183673469387710e-01 3.455981308101344247e-03
8.357142857142856318e-01 3.455981028409793512e-03
8.755102040816326037e-01 3.455980671648734882e-03
9.153061224489795755e-01 3.455980400236017495e-03
9.551020408163264364e-01 3.455980055518140855e-03
9.948979591836734082e-01 3.455979707199892045e-03
1.034693877551020380e+00 3.455979343489851228e-03
1.074489795918367241e+00 3.455978909957033943e-03
1.114285714285714324e+00 3.455978502924166463e-03
1.154081632653061185e+00 3.455978164568192148e-03
1.193877551020408045e+00 3.455977624343561493e-03
1.233673469387755128e+00 3.455977156828655365e-03
1.273469387755101989e+00 3.455976524591911070e-03
1.313265306122448850e+00 3.455975777838061341e-03
1.353061224489795933e+00 3.455974715708651310e-03
1.392857142857142794e+00 3.455972887417321348e-03
1.432653061224489655e+00 3.455969399011450324e-03
1.472448979591836737e+00 3.455962013853397085e-03
1.512244897959183598e+00 3.455945107548689769e-03
1.552040816326530459e+00 3.455903526086522189e-03
1.591836734693877542e+00 3.455792903088557994e-03
1.631632653061224403e+00 3.455469072120077346e-03
1.671428571428571264e+00 3.454414609995971538e-03
1.711224489795918347e+00 3.450613977216712876e-03
1.751020408163265207e+00 3.435895911993403981e-03
1.790816326530612068e+00 3.378765275672927781e-03
1.830612244897959151e+00 3.188129378381697986e-03
1.870408163265306012e+00 2.718115870815120648e-03
1.910204081632652873e+00 1.744802349744961883e-03
1.949999999999999956e+00 -2.924073132943977023e-04
