0.000000000000000000e+00 3.309334221811978220e-03
3.979591836734693716e-02 3.309334072176359220e-03
7.959183673469387432e-02 3.309333919064015236e-03
1.193877551020408045e-01 3.309333760478690677e-03
1.591836734693877486e-01 3.309333598338732099e-03
1.989795918367346927e-01 3.309333431597200493e-03
2.387755102040816091e-01 3.309333256902923220e-03
2.785714285714285809e-01 3.309333082164306414e-03
3.183673469387754973e-01 3.309332897301890675e-03
3.581632653061224136e-01 3.309332708623768503e-03
3.979591836734693855e-01 3.309332513406360726e-03
4.377551020408163018e-01 3.309332298726861722e-03
4.775510204081632182e-01 3.309332098184371556e-03
5.173469387755101900e-01 3.309331884994639629e-03
5.571428571428571619e-01 3.309331668668614394e-03
5.969387755102040227e-01 3.309331452187427684e-03
6.367346938775509946e-01 3.309331191538488620e-03
6.765306122448979664e-01 3.309330950638718870e-03
7.163265306122448273e-01 3.309330688940502387e-03
7.561224489795917991e-01 3.309330442406111395e-03
7.959183673469387710e-01 3.309330163473051152e-03
8.357142857142856318e-01 3.309329830911936655e-03
8.755102040816326037e-01 3.309329558651713174e-03
9.153061224489795755e-01 3.309329253017342497e-03
9.551020408163264364e-01 3.309328957120622177e-03
9.948979591836734082e-01 3.309328597719134006e-03
1.034693877551020380e+00 3.309328204475759077e-03
1.074489795918367241e+00 3.309327836316482141e-03
1.114285714285714324e+00 3.309327463597887004e-03
1.154081632653061185e+00 3.309327045433940826e-03
1.193877551020408045e+00 3.309326605863244578e-03
1.233673469387755128e+00 3.309326149226138845e-03
1.273469387755101989e+00 3.309325500609535710e-03
1.313265306122448850e+00 3.309324782825226290e-03
1.353061224489795933e+00 3.309323687858900780e-03
1.392857142857142794e+00 3.309321881973207626e-03
1.432653061224489655e+00 3.309318443650273531e-03
1.472448979591836737e+00 3.309311138222705961e-03
1.512244897959183598e+00 3.309294252687026202e-03
1.552040816326530459e+00 3.309252685746405780e-03
1.591836734693877542e+00 3.309142020227344265e-03
1.631632653061224403e+00 3.308818263857269629e-03
1.671428571428571264e+00 3.307763724734361956e-03
1.711224489795918347e+00 3.303963282740316008e-03
1.751020408163265207e+00 3.289245253933205729e-03
1.790816326530612068e+00 3.232114659503381934e-03
1.830612244897959151e+00 3.041477900874023279e-03
1.870408163265306012e+00 2.571464036098249691e-03
1.910204081632652873e+00 1.598150312005797288e-03
1.949999999999999956e+00 -4.390591425652847716e-04
