0.000000000000000000e+00 2.605784562914159608e-03
3.979591836734693716e-02 2.605784433978595993e-03
7.959183673469387432e-02 2.605784302662084509e-03
1.193877551020408045e-01 2.605784167690371016e-03
1.591836734693877486e-01 2.605784026889321810e-03
1.989795918367346927e-01 2.605783883313701668e-03
2.387755102040816091e-01 2.605783740239143824e-03
2.785714285714285809e-01 2.605783582443788483e-03
3.183673469387754973e-01 2.605783424616264429e-03
3.581632653061224136e-01 2.605783262033804781e-03
3.979591836734693855e-01 2.605783101696519232e-03
4.377551020408163018e-01 2.605782925041341767e-03
4.775510204081632182e-01 2.605782758133534747e-03
5.173469387755101900e-01 2.605782563216891157e-03
5.571428571428571619e-01 2.605782394924618679e-03
5.969387755102040227e-01 2.605782176257265791e-03
6.367346938775509946e-01 2.605781965102803820e-03
6.765306122448979664e-01 2.605781787798404359e-03
7.163265306122448273e-01 2.605781564542628947e-03
7.561224489795917991e-01 2.605781343419746789e-03
7.959183673469387710e-01 2.605781097989119579e-03
8.357142857142856318e-01 2.605780837928399658e-03
8.755102040816326037e-01 2.605780587272340382e-03
9.153061224489795755e-01 2.605780303495371444e-03
9.551020408163264364e-01 2.605780059217952839e-03
9.948979591836734082e-01 2.605779755326502207e-03
1.034693877551020380e+00 2.605779517773436013e-03
1.074489795918367241e+00 2.605779178817791211e-03
1.114285714285714324e+00 2.605778854750770163e-03
1.154081632653061185e+00 2.605778476752771810e-03
1.193877551020408045e+00 2.605778106148861836e-03
1.233673469387755128e+00 2.605777690223260584e-03
1.273469387755101989e+00 2.605777176095942609e-03
1.313265306122448850e+00 2.605776557650182294e-03
1.353061224489795933e+00 2.605775604656503965e-03
1.392857142857142794e+00 2.605773868948124856e-03
1.432653061224489655e+00 2.605770504547824835e-03
1.472448979591836737e+00 2.605763299878691413e-03
1.512244897959183598e+00 2.605746513543969866e-03
1.552040816326530459e+00 2.605705065889892327e-03
1.591836734693877542e+00 2.605594648025344896e-03
1.631632653061224403e+00 2.605271008644244324e-03
1.671428571428571264e+00 2.604216859344906775e-03
1.711224489795918347e+00 2.600416484934615826e-03
1.751020408163265207e+00 2.585698789820739182e-03
1.790816326530612068e+00 2.528568632193103124e-03
1.830612244897959151e+00 2.337928591025072601e-03
1.870408163265306012e+00 1.867914598792551817e-03
1.910204081632652873e+00 8.946004459244536735e-04
1.949999999999999956e+00 -1.142609804553215659e-03
