0.000000000000000000e+00 2.887400866474801667e-03
3.979591836734693716e-02 2.887400728072159455e-03
7.959183673469387432e-02 2.887400587030481986e-03
1.193877551020408045e-01 2.887400439403671037e-03
1.591836734693877486e-01 2.887400292079639157e-03
1.989795918367346927e-01 2.887400136270988887e-03
2.387755102040816091e-01 2.887399978942172245e-03
2.785714285714285809e-01 2.887399813980989945e-03
3.183673469387754973e-01 2.887399651529347095e-03
3.581632653061224136e-01 2.887399470184663034e-03
3.979591836734693855e-01 2.887399287897258245e-03
4.377551020408163018e-01 2.887399105307595672e-03
4.775510204081632182e-01 2.887398913950508378e-03
5.173469387755101900e-01 2.887398713795316478e-03
5.571428571428571619e-01 2.887398512908301556e-03
5.969387755102040227e-01 2.887398311788520570e-03
6.367346938775509946e-01 2.887398085902690998e-03
6.765306122448979664e-01 2.887397863529254493e-03
7.163265306122448273e-01 2.887397635610027598e-03
7.561224489795917991e-01 2.887397397494691990e-03
7.959183673469387710e-01 2.887397132978007826e-03
8.357142857142856318e-01 2.887396849742829025e-03
8.755102040816326037e-01 2.887396552965377453e-03
9.153061224489795755e-01 2.887396335206267664e-03
9.551020408163264364e-01 2.887396006404144982e-03
9.948979591836734082e-01 2.887395693529836490e-03
1.034693877551020380e+00 2.887395335371933849e-03
1.074489795918367241e+00 2.887395008172300142e-03
1.114285714285714324e+00 2.887394717544282396e-03
1.154081632653061185e+00 2.887394330278350400e-03
1.193877551020408045e+00 2.887393890058106895e-03
1.233673469387755128e+00 2.887393438638215844e-03
1.273469387755101989e+00 2.887392930893537945e-03
1.313265306122448850e+00 2.887392268600044026e-03
1.353061224489795933e+00 2.887391249668866313e-03
1.392857142857142794e+00 2.887389463170700766e-03
1.432653061224489655e+00 2.887386081651404854e-03
1.472448979591836737e+00 2.887378739007470142e-03
1.512244897959183598e+00 2.887361949619423208e-03
1.552040816326530459e+00 2.887320513955969874e-03
1.591836734693877542e+00 2.887209953056154351e-03
1.631632653061224403e+00 2.886886300927934881e-03
1.671428571428571264e+00 2.885831979155238820e-03
1.711224489795918347e+00 2.882031587238364015e-03
1.751020408163265207e+00 2.867313756712233912e-03
1.790816326530612068e+00 2.810183411075020329e-03
1.830612244897959151e+00 2.619544317660508700e-03
1.870408163265306012e+00 2.149530393067250380e-03
1.910204081632652873e+00 1.176216180673867037e-03
1.949999999999999956e+00 -8.609941672527059511e-04
