0.000000000000000000e+00 3.133688724576847232e-03
3.979591836734693716e-02 3.133688579120091217e-03
7.959183673469387432e-02 3.133688430494554859e-03
1.193877551020408045e-01 3.133688277562000652e-03
1.591836734693877486e-01 3.133688118986292532e-03
1.989795918367346927e-01 3.133687957702844563e-03
2.387755102040816091e-01 3.133687790471150359e-03
2.785714285714285809e-01 3.133687613290313517e-03
3.183673469387754973e-01 3.133687442005278750e-03
3.581632653061224136e-01 3.133687253039602310e-03
3.979591836734693855e-01 3.133687066280351017e-03
4.377551020408163018e-01 3.133686887349861235e-03
4.775510204081632182e-01 3.133686666047902705e-03
5.173469387755101900e-01 3.133686462121235486e-03
5.571428571428571619e-01 3.133686244694574175e-03
5.969387755102040227e-01 3.133686015762115248e-03
6.367346938775509946e-01 3.133685799801217212e-03
6.765306122448979664e-01 3.133685550601652148e-03
7.163265306122448273e-01 3.133685321470648048e-03
7.561224489795917991e-01 3.133685034466702699e-03
7.959183673469387710e-01 3.133684795446514074e-03
8.357142857142856318e-01 3.133684519396798870e-03
8.755102040816326037e-01 3.133684217015943706e-03
9.153061224489795755e-01 3.133683897341304515e-03
9.551020408163264364e-01 3.133683593062487963e-03
9.948979591836734082e-01 3.133683290807691250e-03
1.034693877551020380e+00 3.133682950009604451e-03
1.074489795918367241e+00 3.133682564716400425e-03
1.114285714285714324e+00 3.133682208543405682e-03
1.154081632653061185e+00 3.133681818573411885e-03
1.193877551020408045e+00 3.133681359823974142e-03
1.233673469387755128e+00 3.133680883071446495e-03
1.273469387755101989e+00 3.133680299025329036e-03
1.313265306122448850e+00 3.133679619253832132e-03
1.353061224489795933e+00 3.133678566591024950e-03
1.392857142857142794e+00 3.133676785411702425e-03
1.432653061224489655e+00 3.133673340290119881e-03
1.472448979591836737e+00 3.133666044744480052e-03
1.512244897959183598e+00 3.133649132752023853e-03
1.552040816326530459e+00 3.133607622783059991e-03
1.591836734693877542e+00 3.133497067888521472e-03
1.631632653061224403e+00 3.133173320465493499e-03
1.671428571428571264e+00 3.132118967243297317e-03
1.711224489795918347e+00 3.128318406324744842e-03
1.751020408163265207e+00 3.113600459059868899e-03
1.790816326530612068e+00 3.056470026580432233e-03
1.830612244897959151e+00 2.865832140526575634e-03
1.870408163265306012e+00 2.395818328227359000e-03
1.910204081632652873e+00 1.422504460629626238e-03
1.949999999999999956e+00 -6.147053074363925370e-04
