0.000000000000000000e+00 3.071517926138004565e-03
3.979591836734693716e-02 3.071517782511035306e-03
7.959183673469387432e-02 3.071517635319843346e-03
1.193877551020408045e-01 3.071517483739513027e-03
1.591836734693877486e-01 3.071517329480937496e-03
1.989795918367346927e-01 3.071517166952299378e-03
2.387755102040816091e-01 3.071516999221077671e-03
2.785714285714285809e-01 3.071516836113734501e-03
3.183673469387754973e-01 3.071516653915277225e-03
3.581632653061224136e-01 3.071516475497222589e-03
3.979591836734693855e-01 3.071516290072197862e-03
4.377551020408163018e-01 3.071516103638160817e-03
4.775510204081632182e-01 3.071515901522790370e-03
5.173469387755101900e-01 3.071515683467254936e-03
5.571428571428571619e-01 3.071515462165568325e-03
5.969387755102040227e-01 3.071515260571523916e-03
6.367346938775509946e-01 3.071515041868538073e-03
6.765306122448979664e-01 3.071514788236666058e-03
7.163265306122448273e-01 3.071514545941625689e-03
7.561224489795917991e-01 3.071514297038223460e-03
7.959183673469387710e-01 3.071514050772486057e-03
8.357142857142856318e-01 3.071513784955459681e-03
8.755102040816326037e-01 3.071513488297305909e-03
9.153061224489795755e-01 3.071513135888508453e-03
9.551020408163264364e-01 3.071512840419704082e-03
9.948979591836734082e-01 3.071512557428560108e-03
1.034693877551020380e+00 3.071512229627084041e-03
1.074489795918367241e+00 3.071511882848059274e-03
1.114285714285714324e+00 3.071511512899774594e-03
1.154081632653061185e+00 3.071511065212226103e-03
1.193877551020408045e+00 3.071510640681911555e-03
1.233673469387755128e+00 3.071510214192607179e-03
1.273469387755101989e+00 3.071509659937305802e-03
1.313265306122448850e+00 3.071508951883971088e-03
1.353061224489795933e+00 3.071507820116332714e-03
1.392857142857142794e+00 3.071506077162815089e-03
1.432653061224489655e+00 3.071502672744402546e-03
1.472448979591836737e+00 3.071495364886136972e-03
1.512244897959183598e+00 3.071478507995151035e-03
1.552040816326530459e+00 3.071437004965709046e-03
1.591836734693877542e+00 3.071326444527013380e-03
1.631632653061224403e+00 3.071002678212829840e-03
1.671428571428571264e+00 3.069948301142714792e-03
1.711224489795918347e+00 3.066147894572881019e-03
1.751020408163265207e+00 3.051430010064969198e-03
1.790816326530612068e+00 2.994299490341864080e-03
1.830612244897959151e+00 2.803661395645275917e-03
1.870408163265306012e+00 2.333647670560296851e-03
1.910204081632652873e+00 1.360333504946382478e-03
1.949999999999999956e+00 -6.768762674654532976e-04
