0.000000000000000000e+00 4.910813291668785462e-03
3.979591836734693716e-02 4.910813244222584847e-03
7.959183673469387432e-02 4.910813194191177879e-03
1.193877551020408045e-01 4.910813143468272836e-03
1.591836734693877486e-01 4.910813089576365406e-03
1.989795918367346927e-01 4.910813032301671738e-03
2.387755102040816091e-01 4.910812973482706414e-03
2.785714285714285809e-01 4.910812912469065226e-03
3.183673469387754973e-01 4.910812845225564528e-03
3.581632653061224136e-01 4.910812776291773561e-03
3.979591836734693855e-01 4.910812702130438502e-03
4.377551020408163018e-01 4.910812627852863092e-03
4.775510204081632182e-01 4.910812539187686329e-03
5.173469387755101900e-01 4.910812468671398208e-03
5.571428571428571619e-01 4.910812358439341219e-03
5.969387755102040227e-01 4.910812298847549648e-03
6.367346938775509946e-01 4.910812192057632461e-03
6.765306122448979664e-01 4.910812083272008723e-03
7.163265306122448273e-01 4.910811977885004911e-03
7.561224489795917991e-01 4.910811864163733796e-03
7.959183673469387710e-01 4.910811711536460997e-03
8.357142857142856318e-01 4.910811567963975499e-03
8.755102040816326037e-01 4.910811488874082011e-03
9.153061224489795755e-01 4.910811296303581666e-03
9.551020408163264364e-01 4.910811169678007057e-03
9.948979591836734082e-01 4.910810957186902484e-03
1.034693877551020380e+00 4.910810842770108736e-03
1.074489795918367241e+00 4.910810614670762901e-03
1.114285714285714324e+00 4.910810434323517951e-03
1.154081632653061185e+00 4.910810165216490490e-03
1.193877551020408045e+00 4.910809891333229801e-03
1.233673469387755128e+00 4.910809535427925442e-03
1.273469387755101989e+00 4.910809213869033948e-03
1.313265306122448850e+00 4.910808645216072424e-03
1.353061224489795933e+00 4.910807793044278356e-03
1.392857142857142794e+00 4.910806160387262698e-03
1.432653061224489655e+00 4.910802890643526514e-03
1.472448979591836737e+00 4.910795726508216351e-03
1.512244897959183598e+00 4.910779016103170545e-03
1.552040816326530459e+00 4.910737675926917824e-03
1.591836734693877542e+00 4.910627226178545385e-03
1.631632653061224403e+00 4.910303614364326316e-03
1.671428571428571264e+00 4.909249307523702761e-03
1.711224489795918347e+00 4.905448676113720319e-03
1.751020408163265207e+00 4.890730093780012652e-03
1.790816326530612068e+00 4.833597328098197289e-03
1.830612244897959151e+00 4.643007844012935273e-03
1.870408163265306012e+00 4.172991626674445002e-03
1.910204081632652873e+00 3.199686553896581142e-03
1.949999999999999956e+00 1.162485127983647329e-03
