0.000000000000000000e+00 3.321649260493993432e-03
3.979591836734693716e-02 3.321649110604165019e-03
7.959183673469387432e-02 3.321648957063978811e-03
1.193877551020408045e-01 3.321648798208578189e-03
1.591836734693877486e-01 3.321648635220014571e-03
1.989795918367346927e-01 3.321648468014583647e-03
2.387755102040816091e-01 3.321648291723726300e-03
2.785714285714285809e-01 3.321648113151589189e-03
3.183673469387754973e-01 3.321647931828095208e-03
3.581632653061224136e-01 3.321647740726703987e-03
3.979591836734693855e-01 3.321647541591210735e-03
4.377551020408163018e-01 3.321647353454478414e-03
4.775510204081632182e-01 3.321647132711975578e-03
5.173469387755101900e-01 3.321646917274503463e-03
5.571428571428571619e-01 3.321646699187971122e-03
5.969387755102040227e-01 3.321646447301571364e-03
6.367346938775509946e-01 3.321646243660869840e-03
6.765306122448979664e-01 3.321645968763385724e-03
7.163265306122448273e-01 3.321645711947437875e-03
7.561224489795917991e-01 3.321645450932546317e-03
7.959183673469387710e-01 3.321645162283916146e-03
8.357142857142856318e-01 3.321644884336711831e-03
8.755102040816326037e-01 3.321644623438534637e-03
9.153061224489795755e-01 3.321644268287110308e-03
9.551020408163264364e-01 3.321643926313159415e-03
9.948979591836734082e-01 3.321643583588675640e-03
1.034693877551020380e+00 3.321643264051556219e-03
1.074489795918367241e+00 3.321642842284559024e-03
1.114285714285714324e+00 3.321642495203501553e-03
1.154081632653061185e+00 3.321642115139156106e-03
1.193877551020408045e+00 3.321641632567200620e-03
1.233673469387755128e+00 3.321641150124691935e-03
1.273469387755101989e+00 3.321640525136762036e-03
1.313265306122448850e+00 3.321639812375095507e-03
1.353061224489795933e+00 3.321638731011290584e-03
1.392857142857142794e+00 3.321636914226170668e-03
1.432653061224489655e+00 3.321633479796106975e-03
1.472448979591836737e+00 3.321626143837861159e-03
1.512244897959183598e+00 3.321609187224221910e-03
1.552040816326530459e+00 3.321567628115309426e-03
1.591836734693877542e+00 3.321457011840416550e-03
1.631632653061224403e+00 3.321133263762332706e-03
1.671428571428571264e+00 3.320078876070844086e-03
1.711224489795918347e+00 3.316278197519824909e-03
1.751020408163265207e+00 3.301560297929714578e-03
1.790816326530612068e+00 3.244429732468076272e-03
1.830612244897959151e+00 3.053792925004992359e-03
1.870408163265306012e+00 2.583779131716586880e-03
1.910204081632652873e+00 1.610465616409144807e-03
1.949999999999999956e+00 -4.267443396505841394e-04
