0.000000000000000000e+00 3.354444498576005830e-03
3.979591836734693716e-02 3.354444347989734513e-03
7.959183673469387432e-02 3.354444193840153826e-03
1.193877551020408045e-01 3.354444034936436385e-03
1.591836734693877486e-01 3.354443871560527663e-03
1.989795918367346927e-01 3.354443702249693213e-03
2.387755102040816091e-01 3.354443524996858408e-03
2.785714285714285809e-01 3.354443348875513903e-03
3.183673469387754973e-01 3.354443163274136320e-03
3.581632653061224136e-01 3.354442972504076415e-03
3.979591836734693855e-01 3.354442771089502159e-03
4.377551020408163018e-01 3.354442567643499060e-03
4.775510204081632182e-01 3.354442361513481925e-03
5.173469387755101900e-01 3.354442155826386097e-03
5.571428571428571619e-01 3.354441920750807302e-03
5.969387755102040227e-01 3.354441696005459970e-03
6.367346938775509946e-01 3.354441462033373473e-03
6.765306122448979664e-01 3.354441186378607099e-03
7.163265306122448273e-01 3.354440930838610817e-03
7.561224489795917991e-01 3.354440683236024814e-03
7.959183673469387710e-01 3.354440397414061061e-03
8.357142857142856318e-01 3.354440104111302678e-03
8.755102040816326037e-01 3.354439814404686776e-03
9.153061224489795755e-01 3.354439492369090670e-03
9.551020408163264364e-01 3.354439157532732377e-03
9.948979591836734082e-01 3.354438828349725569e-03
1.034693877551020380e+00 3.354438470347340454e-03
1.074489795918367241e+00 3.354438073520963140e-03
1.114285714285714324e+00 3.354437649279057646e-03
1.154081632653061185e+00 3.354437231283189259e-03
1.193877551020408045e+00 3.354436861667360430e-03
1.233673469387755128e+00 3.354436356814564577e-03
1.273469387755101989e+00 3.354435716449730934e-03
1.313265306122448850e+00 3.354435011744891313e-03
1.353061224489795933e+00 3.354433946743761059e-03
1.392857142857142794e+00 3.354432068166738386e-03
1.432653061224489655e+00 3.354428644122758613e-03
1.472448979591836737e+00 3.354421252286533036e-03
1.512244897959183598e+00 3.354404418645929621e-03
1.552040816326530459e+00 3.354362808929483783e-03
1.591836734693877542e+00 3.354252125064654221e-03
1.631632653061224403e+00 3.353928402284512937e-03
1.671428571428571264e+00 3.352874002783990965e-03
1.711224489795918347e+00 3.349073484346769009e-03
1.751020408163265207e+00 3.334355327824094911e-03
1.790816326530612068e+00 3.277224731299130649e-03
1.830612244897959151e+00 3.086588338060454548e-03
1.870408163265306012e+00 2.616574514953348175e-03
1.910204081632652873e+00 1.643260852002506210e-03
1.949999999999999956e+00 -3.939490197638687019e-04
