0.000000000000000000e+00 3.142528230850948068e-03
3.979591836734693716e-02 3.142528085168220468e-03
7.959183673469387432e-02 3.142527936320201921e-03
1.193877551020408045e-01 3.142527782236159955e-03
1.591836734693877486e-01 3.142527622710896296e-03
1.989795918367346927e-01 3.142527461454938491e-03
2.387755102040816091e-01 3.142527292143172495e-03
2.785714285714285809e-01 3.142527119779187431e-03
3.183673469387754973e-01 3.142526947196327535e-03
3.581632653061224136e-01 3.142526758233906738e-03
3.979591836734693855e-01 3.142526570797203860e-03
4.377551020408163018e-01 3.142526372201100322e-03
4.775510204081632182e-01 3.142526173192094867e-03
5.173469387755101900e-01 3.142525963838893426e-03
5.571428571428571619e-01 3.142525742049547422e-03
5.969387755102040227e-01 3.142525519393347087e-03
6.367346938775509946e-01 3.142525289593545938e-03
6.765306122448979664e-01 3.142525061607273282e-03
7.163265306122448273e-01 3.142524793794758929e-03
7.561224489795917991e-01 3.142524555593206696e-03
7.959183673469387710e-01 3.142524300375754490e-03
8.357142857142856318e-01 3.142523974725926639e-03
8.755102040816326037e-01 3.142523712105647817e-03
9.153061224489795755e-01 3.142523379128639004e-03
9.551020408163264364e-01 3.142523077060502008e-03
9.948979591836734082e-01 3.142522765383837496e-03
1.034693877551020380e+00 3.142522451109634046e-03
1.074489795918367241e+00 3.142522021968493888e-03
1.114285714285714324e+00 3.142521724721469151e-03
1.154081632653061185e+00 3.142521254894622453e-03
1.193877551020408045e+00 3.142520851213027357e-03
1.233673469387755128e+00 3.142520348863264007e-03
1.273469387755101989e+00 3.142519841662422785e-03
1.313265306122448850e+00 3.142519075880273721e-03
1.353061224489795933e+00 3.142518044606560160e-03
1.392857142857142794e+00 3.142516239543251266e-03
1.432653061224489655e+00 3.142512858743754574e-03
1.472448979591836737e+00 3.142505544705949914e-03
1.512244897959183598e+00 3.142488610406473336e-03
1.552040816326530459e+00 3.142447115910198142e-03
1.591836734693877542e+00 3.142336497988518825e-03
1.631632653061224403e+00 3.142012753269351425e-03
1.671428571428571264e+00 3.140958472436963800e-03
1.711224489795918347e+00 3.137157962226549534e-03
1.751020408163265207e+00 3.122439876989487398e-03
1.790816326530612068e+00 3.065309529030899385e-03
1.830612244897959151e+00 2.874671606225644421e-03
1.870408163265306012e+00 2.404657810393291250e-03
1.910204081632652873e+00 1.431344060975000849e-03
1.949999999999999956e+00 -6.058660759483993057e-04
