0.000000000000000000e+00 3.518211371444329109e-03
3.979591836734693716e-02 3.518211218043520560e-03
7.959183673469387432e-02 3.518211060806579644e-03
1.193877551020408045e-01 3.518210898389796063e-03
1.591836734693877486e-01 3.518210731470756709e-03
1.989795918367346927e-01 3.518210560260500667e-03
2.387755102040816091e-01 3.518210378846393840e-03
2.785714285714285809e-01 3.518210197893500112e-03
3.183673469387754973e-01 3.518210014595862627e-03
3.581632653061224136e-01 3.518209818242586974e-03
3.979591836734693855e-01 3.518209611407444211e-03
4.377551020408163018e-01 3.518209399519516001e-03
4.775510204081632182e-01 3.518209181580141988e-03
5.173469387755101900e-01 3.518208971264862907e-03
5.571428571428571619e-01 3.518208742273254679e-03
5.969387755102040227e-01 3.518208500364989992e-03
6.367346938775509946e-01 3.518208267715135316e-03
6.765306122448979664e-01 3.518208003476588908e-03
7.163265306122448273e-01 3.518207727222212762e-03
7.561224489795917991e-01 3.518207473196054147e-03
7.959183673469387710e-01 3.518207150759444183e-03
8.357142857142856318e-01 3.518206868794237791e-03
8.755102040816326037e-01 3.518206522150452067e-03
9.153061224489795755e-01 3.518206233553192695e-03
9.551020408163264364e-01 3.518205870148791506e-03
9.948979591836734082e-01 3.518205569648208322e-03
1.034693877551020380e+00 3.518205202039617618e-03
1.074489795918367241e+00 3.518204809571974165e-03
1.114285714285714324e+00 3.518204403532318274e-03
1.154081632653061185e+00 3.518203926276065961e-03
1.193877551020408045e+00 3.518203495514436036e-03
1.233673469387755128e+00 3.518202979283053741e-03
1.273469387755101989e+00 3.518202361315117804e-03
1.313265306122448850e+00 3.518201633684466759e-03
1.353061224489795933e+00 3.518200495400742103e-03
1.392857142857142794e+00 3.518198686304818690e-03
1.432653061224489655e+00 3.518195181132363885e-03
1.472448979591836737e+00 3.518187834337640086e-03
1.512244897959183598e+00 3.518170947148379409e-03
1.552040816326530459e+00 3.518129310626967772e-03
1.591836734693877542e+00 3.518018664917611348e-03
1.631632653061224403e+00 3.517694853212938264e-03
1.671428571428571264e+00 3.516640283302833580e-03
1.711224489795918347e+00 3.512839630864797707e-03
1.751020408163265207e+00 3.498121587053805610e-03
1.790816326530612068e+00 3.440990966588687236e-03
1.830612244897959151e+00 3.250355561329726101e-03
1.870408163265306012e+00 2.780341791098384693e-03
1.910204081632652873e+00 1.807028543155364455e-03
1.949999999999999956e+00 -2.301811924444230112e-04
