0.000000000000000000e+00 2.892658239838946654e-03
3.979591836734693716e-02 2.892658101336432076e-03
7.959183673469387432e-02 2.892657959429273742e-03
1.193877551020408045e-01 2.892657813370871824e-03
1.591836734693877486e-01 2.892657664882752888e-03
1.989795918367346927e-01 2.892657509974620993e-03
2.387755102040816091e-01 2.892657348724409026e-03
2.785714285714285809e-01 2.892657181240445262e-03
3.183673469387754973e-01 2.892657013780827041e-03
3.581632653061224136e-01 2.892656840211396511e-03
3.979591836734693855e-01 2.892656663620387335e-03
4.377551020408163018e-01 2.892656484380781538e-03
4.775510204081632182e-01 2.892656280898706599e-03
5.173469387755101900e-01 2.892656083927198484e-03
5.571428571428571619e-01 2.892655880060384863e-03
5.969387755102040227e-01 2.892655672963269798e-03
6.367346938775509946e-01 2.892655442870665974e-03
6.765306122448979664e-01 2.892655223613824125e-03
7.163265306122448273e-01 2.892654993830904003e-03
7.561224489795917991e-01 2.892654745156646601e-03
7.959183673469387710e-01 2.892654506260686730e-03
8.357142857142856318e-01 2.892654226134199185e-03
8.755102040816326037e-01 2.892653975440135153e-03
9.153061224489795755e-01 2.892653677157969692e-03
9.551020408163264364e-01 2.892653404090231133e-03
9.948979591836734082e-01 2.892653019001859786e-03
1.034693877551020380e+00 2.892652740691086920e-03
1.074489795918367241e+00 2.892652391624086789e-03
1.114285714285714324e+00 2.892652045848577869e-03
1.154081632653061185e+00 2.892651648306164384e-03
1.193877551020408045e+00 2.892651232410028278e-03
1.233673469387755128e+00 2.892650800855456686e-03
1.273469387755101989e+00 2.892650271462978914e-03
1.313265306122448850e+00 2.892649609862317939e-03
1.353061224489795933e+00 2.892648582098381917e-03
1.392857142857142794e+00 2.892646870905328342e-03
1.432653061224489655e+00 2.892643406722687945e-03
1.472448979591836737e+00 2.892636144300171717e-03
1.512244897959183598e+00 2.892619298884479585e-03
1.552040816326530459e+00 2.892577823526881146e-03
1.591836734693877542e+00 2.892467281894840498e-03
1.631632653061224403e+00 2.892143629555730695e-03
1.671428571428571264e+00 2.891089340338417503e-03
1.711224489795918347e+00 2.887288886408500860e-03
1.751020408163265207e+00 2.872571072646050612e-03
1.790816326530612068e+00 2.815440732576281104e-03
1.830612244897959151e+00 2.624801805653884275e-03
1.870408163265306012e+00 2.154787954711606234e-03
1.910204081632652873e+00 1.181473801095748056e-03
1.949999999999999956e+00 -8.557364604701771325e-04
