0.000000000000000000e+00 2.921563458479364567e-03
3.979591836734693716e-02 2.921563319319198538e-03
7.959183673469387432e-02 2.921563176828633184e-03
1.193877551020408045e-01 2.921563029286766006e-03
1.591836734693877486e-01 2.921562876848087572e-03
1.989795918367346927e-01 2.921562721071431241e-03
2.387755102040816091e-01 2.921562561863979765e-03
2.785714285714285809e-01 2.921562400131431838e-03
3.183673469387754973e-01 2.921562228124251204e-03
3.581632653061224136e-01 2.921562048659714222e-03
3.979591836734693855e-01 2.921561876312676106e-03
4.377551020408163018e-01 2.921561678447885148e-03
4.775510204081632182e-01 2.921561501116087464e-03
5.173469387755101900e-01 2.921561280152205724e-03
5.571428571428571619e-01 2.921561088073057130e-03
5.969387755102040227e-01 2.921560873890571147e-03
6.367346938775509946e-01 2.921560659334176361e-03
6.765306122448979664e-01 2.921560422709369807e-03
7.163265306122448273e-01 2.921560186145334519e-03
7.561224489795917991e-01 2.921559922964125488e-03
7.959183673469387710e-01 2.921559686295457318e-03
8.357142857142856318e-01 2.921559428851350053e-03
8.755102040816326037e-01 2.921559142887268212e-03
9.153061224489795755e-01 2.921558838340036161e-03
9.551020408163264364e-01 2.921558559638494715e-03
9.948979591836734082e-01 2.921558277346852830e-03
1.034693877551020380e+00 2.921557920330759492e-03
1.074489795918367241e+00 2.921557553296512746e-03
1.114285714285714324e+00 2.921557205318496119e-03
1.154081632653061185e+00 2.921556812685461094e-03
1.193877551020408045e+00 2.921556408691181658e-03
1.233673469387755128e+00 2.921556029398324986e-03
1.273469387755101989e+00 2.921555469764269310e-03
1.313265306122448850e+00 2.921554726424286427e-03
1.353061224489795933e+00 2.921553711573829717e-03
1.392857142857142794e+00 2.921551958893069210e-03
1.432653061224489655e+00 2.921548570197790833e-03
1.472448979591836737e+00 2.921541245509699097e-03
1.512244897959183598e+00 2.921524504111891549e-03
1.552040816326530459e+00 2.921482970316559291e-03
1.591836734693877542e+00 2.921372445759137272e-03
1.631632653061224403e+00 2.921048755358221592e-03
1.671428571428571264e+00 2.919994436119016309e-03
1.711224489795918347e+00 2.916194011567063704e-03
1.751020408163265207e+00 2.901476124968497411e-03
1.790816326530612068e+00 2.844345744832724870e-03
1.830612244897959151e+00 2.653707026599166820e-03
1.870408163265306012e+00 2.183693129929731476e-03
1.910204081632652873e+00 1.210379203832781308e-03
1.949999999999999956e+00 -8.268314324220596249e-04
