0.000000000000000000e+00 3.736437295240421959e-03
3.979591836734693716e-02 3.736437139296628924e-03
7.959183673469387432e-02 3.736436978889574531e-03
1.193877551020408045e-01 3.736436813422747225e-03
1.591836734693877486e-01 3.736436643772858904e-03
1.989795918367346927e-01 3.736436469162657606e-03
2.387755102040816091e-01 3.736436290371918881e-03
2.785714285714285809e-01 3.736436097454129066e-03
3.183673469387754973e-01 3.736435913561463647e-03
3.581632653061224136e-01 3.736435707211402477e-03
3.979591836734693855e-01 3.736435499164768737e-03
4.377551020408163018e-01 3.736435303760755455e-03
4.775510204081632182e-01 3.736435079315082036e-03
5.173469387755101900e-01 3.736434860188159266e-03
5.571428571428571619e-01 3.736434599711508167e-03
5.969387755102040227e-01 3.736434374226985187e-03
6.367346938775509946e-01 3.736434131329394691e-03
6.765306122448979664e-01 3.736433867072858333e-03
7.163265306122448273e-01 3.736433599112862127e-03
7.561224489795917991e-01 3.736433300632187055e-03
7.959183673469387710e-01 3.736433008307977078e-03
8.357142857142856318e-01 3.736432742289653823e-03
8.755102040816326037e-01 3.736432347779710880e-03
9.153061224489795755e-01 3.736432069523645989e-03
9.551020408163264364e-01 3.736431714872868494e-03
9.948979591836734082e-01 3.736431375232752115e-03
1.034693877551020380e+00 3.736430954076050588e-03
1.074489795918367241e+00 3.736430566535185738e-03
1.114285714285714324e+00 3.736430166205409464e-03
1.154081632653061185e+00 3.736429681464412556e-03
1.193877551020408045e+00 3.736429210772240685e-03
1.233673469387755128e+00 3.736428692736719522e-03
1.273469387755101989e+00 3.736428060583934108e-03
1.313265306122448850e+00 3.736427307756196893e-03
1.353061224489795933e+00 3.736426158850345361e-03
1.392857142857142794e+00 3.736424312860219411e-03
1.432653061224489655e+00 3.736420845502025877e-03
1.472448979591836737e+00 3.736413384463399111e-03
1.512244897959183598e+00 3.736396443039522938e-03
1.552040816326530459e+00 3.736354824338026983e-03
1.591836734693877542e+00 3.736244135713495240e-03
1.631632653061224403e+00 3.735920257474569222e-03
1.671428571428571264e+00 3.734865660723694480e-03
1.711224489795918347e+00 3.731065058109911837e-03
1.751020408163265207e+00 3.716346714208294648e-03
1.790816326530612068e+00 3.659215933358049653e-03
1.830612244897959151e+00 3.468582599672137903e-03
1.870408163265306012e+00 2.998568904025260967e-03
1.910204081632652873e+00 2.025256037024888815e-03
1.949999999999999956e+00 -1.195333424471719433e-05
