0.000000000000000000e+00 2.913074866634674485e-03
3.979591836734693716e-02 2.913074727686325565e-03
7.959183673469387432e-02 2.913074585118460066e-03
1.193877551020408045e-01 2.913074438861144779e-03
1.591836734693877486e-01 2.913074288056601881e-03
1.989795918367346927e-01 2.913074131044261252e-03
2.387755102040816091e-01 2.913073969791911671e-03
2.785714285714285809e-01 2.913073813594239687e-03
3.183673469387754973e-01 2.913073639535099322e-03
3.581632653061224136e-01 2.913073462371828289e-03
3.979591836734693855e-01 2.913073284410809972e-03
4.377551020408163018e-01 2.913073091448802922e-03
4.775510204081632182e-01 2.913072900346836639e-03
5.173469387755101900e-01 2.913072703543348636e-03
5.571428571428571619e-01 2.913072504692211257e-03
5.969387755102040227e-01 2.913072293839163128e-03
6.367346938775509946e-01 2.913072048125585171e-03
6.765306122448979664e-01 2.913071842929277743e-03
7.163265306122448273e-01 2.913071592119959117e-03
7.561224489795917991e-01 2.913071357746428985e-03
7.959183673469387710e-01 2.913071100965720309e-03
8.357142857142856318e-01 2.913070854134695072e-03
8.755102040816326037e-01 2.913070560682324162e-03
9.153061224489795755e-01 2.913070317008817443e-03
9.551020408163264364e-01 2.913069983305554937e-03
9.948979591836734082e-01 2.913069667945671331e-03
1.034693877551020380e+00 2.913069329537651408e-03
1.074489795918367241e+00 2.913068974602963865e-03
1.114285714285714324e+00 2.913068655420402841e-03
1.154081632653061185e+00 2.913068279166854558e-03
1.193877551020408045e+00 2.913067827948004514e-03
1.233673469387755128e+00 2.913067407242714030e-03
1.273469387755101989e+00 2.913066831994260558e-03
1.313265306122448850e+00 2.913066141936482712e-03
1.353061224489795933e+00 2.913065154844755780e-03
1.392857142857142794e+00 2.913063375321497863e-03
1.432653061224489655e+00 2.913060051531350669e-03
1.472448979591836737e+00 2.913052679335731508e-03
1.512244897959183598e+00 2.913035907245251164e-03
1.552040816326530459e+00 2.912994407929238912e-03
1.591836734693877542e+00 2.912883838235731052e-03
1.631632653061224403e+00 2.912560223266806754e-03
1.671428571428571264e+00 2.911505796938552906e-03
1.711224489795918347e+00 2.907705344844763434e-03
1.751020408163265207e+00 2.892987486476157610e-03
1.790816326530612068e+00 2.835857308827967761e-03
1.830612244897959151e+00 2.645218355300319509e-03
1.870408163265306012e+00 2.175204529081143073e-03
1.910204081632652873e+00 1.201890267578103935e-03
1.949999999999999956e+00 -8.353195006613632276e-04
