0.000000000000000000e+00 3.677155097975008842e-03
3.979591836734693716e-02 3.677154942591642512e-03
7.959183673469387432e-02 3.677154782701264665e-03
1.193877551020408045e-01 3.677154619520136333e-03
1.591836734693877486e-01 3.677154450562784751e-03
1.989795918367346927e-01 3.677154274609207088e-03
2.387755102040816091e-01 3.677154093043403463e-03
2.785714285714285809e-01 3.677153908177928539e-03
3.183673469387754973e-01 3.677153716346802034e-03
3.581632653061224136e-01 3.677153522179330870e-03
3.979591836734693855e-01 3.677153314788586969e-03
4.377551020408163018e-01 3.677153107536571940e-03
4.775510204081632182e-01 3.677152886018361048e-03
5.173469387755101900e-01 3.677152669659059479e-03
5.571428571428571619e-01 3.677152411021917828e-03
5.969387755102040227e-01 3.677152181250684972e-03
6.367346938775509946e-01 3.677151927676823411e-03
6.765306122448979664e-01 3.677151663988814049e-03
7.163265306122448273e-01 3.677151403672574131e-03
7.561224489795917991e-01 3.677151129103191276e-03
7.959183673469387710e-01 3.677150822442844854e-03
8.357142857142856318e-01 3.677150541342620160e-03
8.755102040816326037e-01 3.677150246900653258e-03
9.153061224489795755e-01 3.677149853839298526e-03
9.551020408163264364e-01 3.677149556204661104e-03
9.948979591836734082e-01 3.677149191495097339e-03
1.034693877551020380e+00 3.677148834408896453e-03
1.074489795918367241e+00 3.677148391867658423e-03
1.114285714285714324e+00 3.677147992277095961e-03
1.154081632653061185e+00 3.677147563730805493e-03
1.193877551020408045e+00 3.677147068468951830e-03
1.233673469387755128e+00 3.677146585676301788e-03
1.273469387755101989e+00 3.677145969226322617e-03
1.313265306122448850e+00 3.677145161870444285e-03
1.353061224489795933e+00 3.677144094791993945e-03
1.392857142857142794e+00 3.677142184231753548e-03
1.432653061224489655e+00 3.677138691191194058e-03
1.472448979591836737e+00 3.677131290772590617e-03
1.512244897959183598e+00 3.677114320271887560e-03
1.552040816326530459e+00 3.677072753282752994e-03
1.591836734693877542e+00 3.676962024843412249e-03
1.631632653061224403e+00 3.676638203717500202e-03
1.671428571428571264e+00 3.675583662054740953e-03
1.711224489795918347e+00 3.671783017279653047e-03
1.751020408163265207e+00 3.657064777733714904e-03
1.790816326530612068e+00 3.599934017153805232e-03
1.830612244897959151e+00 3.409300088499299126e-03
1.870408163265306012e+00 2.939286401731170621e-03
1.910204081632652873e+00 1.965973367922224570e-03
1.949999999999999956e+00 -7.123625402414302259e-05
