0.000000000000000000e+00 3.055318306563042756e-03
3.979591836734693716e-02 3.055318163081301077e-03
7.959183673469387432e-02 3.055318016417991108e-03
1.193877551020408045e-01 3.055317863918774295e-03
1.591836734693877486e-01 3.055317708670123988e-03
1.989795918367346927e-01 3.055317549255384332e-03
2.387755102040816091e-01 3.055317384570022630e-03
2.785714285714285809e-01 3.055317214701263381e-03
3.183673469387754973e-01 3.055317033773265103e-03
3.581632653061224136e-01 3.055316857604472008e-03
3.979591836734693855e-01 3.055316676876097468e-03
4.377551020408163018e-01 3.055316477992244505e-03
4.775510204081632182e-01 3.055316272885742410e-03
5.173469387755101900e-01 3.055316092601774967e-03
5.571428571428571619e-01 3.055315847322965118e-03
5.969387755102040227e-01 3.055315638597698447e-03
6.367346938775509946e-01 3.055315424564019645e-03
6.765306122448979664e-01 3.055315164369306214e-03
7.163265306122448273e-01 3.055314933103826357e-03
7.561224489795917991e-01 3.055314683122012896e-03
7.959183673469387710e-01 3.055314441551043071e-03
8.357142857142856318e-01 3.055314157288950908e-03
8.755102040816326037e-01 3.055313817633064158e-03
9.153061224489795755e-01 3.055313535755708066e-03
9.551020408163264364e-01 3.055313269238676965e-03
9.948979591836734082e-01 3.055312925803032893e-03
1.034693877551020380e+00 3.055312571215725460e-03
1.074489795918367241e+00 3.055312223925171506e-03
1.114285714285714324e+00 3.055311870803652068e-03
1.154081632653061185e+00 3.055311460044253784e-03
1.193877551020408045e+00 3.055311046726107149e-03
1.233673469387755128e+00 3.055310584603287104e-03
1.273469387755101989e+00 3.055310031875960088e-03
1.313265306122448850e+00 3.055309347780875255e-03
1.353061224489795933e+00 3.055308296145576880e-03
1.392857142857142794e+00 3.055306515997868386e-03
1.432653061224489655e+00 3.055303082104655205e-03
1.472448979591836737e+00 3.055295809409442655e-03
1.512244897959183598e+00 3.055278962072062020e-03
1.552040816326530459e+00 3.055237420667438961e-03
1.591836734693877542e+00 3.055126893970077674e-03
1.631632653061224403e+00 3.054803166636338441e-03
1.671428571428571264e+00 3.053748755751973815e-03
1.711224489795918347e+00 3.049948317390932789e-03
1.751020408163265207e+00 3.035230338718419938e-03
1.790816326530612068e+00 2.978099991239786977e-03
1.830612244897959151e+00 2.787461880741715862e-03
1.870408163265306012e+00 2.317448032000183483e-03
1.910204081632652873e+00 1.344134118406530324e-03
1.949999999999999956e+00 -6.930762745649630399e-04
