0.000000000000000000e+00 3.088013427181041971e-03
3.979591836734693716e-02 3.088013282924638708e-03
7.959183673469387432e-02 3.088013135176217571e-03
1.193877551020408045e-01 3.088012982983731527e-03
1.591836734693877486e-01 3.088012826809343001e-03
1.989795918367346927e-01 3.088012668023314405e-03
2.387755102040816091e-01 3.088012499408887730e-03
2.785714285714285809e-01 3.088012326031588668e-03
3.183673469387754973e-01 3.088012146341920141e-03
3.581632653061224136e-01 3.088011973782098241e-03
3.979591836734693855e-01 3.088011782306425250e-03
4.377551020408163018e-01 3.088011579944574016e-03
4.775510204081632182e-01 3.088011397418569288e-03
5.173469387755101900e-01 3.088011184351897778e-03
5.571428571428571619e-01 3.088010960755649490e-03
5.969387755102040227e-01 3.088010748516857844e-03
6.367346938775509946e-01 3.088010530841497469e-03
6.765306122448979664e-01 3.088010283632117766e-03
7.163265306122448273e-01 3.088010017874249363e-03
7.561224489795917991e-01 3.088009773689281545e-03
7.959183673469387710e-01 3.088009518084680258e-03
8.357142857142856318e-01 3.088009204857794423e-03
8.755102040816326037e-01 3.088008939370528137e-03
9.153061224489795755e-01 3.088008662585385589e-03
9.551020408163264364e-01 3.088008362167393023e-03
9.948979591836734082e-01 3.088008021276772604e-03
1.034693877551020380e+00 3.088007642502653329e-03
1.074489795918367241e+00 3.088007333432342752e-03
1.114285714285714324e+00 3.088006983375615223e-03
1.154081632653061185e+00 3.088006586972624930e-03
1.193877551020408045e+00 3.088006163999879559e-03
1.233673469387755128e+00 3.088005625764188734e-03
1.273469387755101989e+00 3.088005088926789980e-03
1.313265306122448850e+00 3.088004337177968368e-03
1.353061224489795933e+00 3.088003325886654223e-03
1.392857142857142794e+00 3.088001589997762392e-03
1.432653061224489655e+00 3.087998151887727007e-03
1.472448979591836737e+00 3.087990843324255139e-03
1.512244897959183598e+00 3.087973944684244826e-03
1.552040816326530459e+00 3.087932458875990421e-03
1.591836734693877542e+00 3.087821857799234130e-03
1.631632653061224403e+00 3.087498141700389422e-03
1.671428571428571264e+00 3.086443878587455305e-03
1.711224489795918347e+00 3.082643209390637136e-03
1.751020408163265207e+00 3.067925319042836413e-03
1.790816326530612068e+00 3.010794974689777470e-03
1.830612244897959151e+00 2.820156795365897587e-03
1.870408163265306012e+00 2.350143105805357381e-03
1.910204081632652873e+00 1.376829199748880617e-03
1.949999999999999956e+00 -6.603809186308080489e-04
