0.000000000000000000e+00 2.780944686842154370e-03
3.979591836734693716e-02 2.780944551758528661e-03
7.959183673469387432e-02 2.780944413209993169e-03
1.193877551020408045e-01 2.780944272205845141e-03
1.591836734693877486e-01 2.780944126463664231e-03
1.989795918367346927e-01 2.780943974995032323e-03
2.387755102040816091e-01 2.780943817972033553e-03
2.785714285714285809e-01 2.780943660752170123e-03
3.183673469387754973e-01 2.780943492018878895e-03
3.581632653061224136e-01 2.780943330950825902e-03
3.979591836734693855e-01 2.780943154574288829e-03
4.377551020408163018e-01 2.780942972235140708e-03
4.775510204081632182e-01 2.780942793724457910e-03
5.173469387755101900e-01 2.780942578078138966e-03
5.571428571428571619e-01 2.780942380588882247e-03
5.969387755102040227e-01 2.780942181012707216e-03
6.367346938775509946e-01 2.780941973230252346e-03
6.765306122448979664e-01 2.780941762685824534e-03
7.163265306122448273e-01 2.780941515337954483e-03
7.561224489795917991e-01 2.780941291030369390e-03
7.959183673469387710e-01 2.780941029561571388e-03
8.357142857142856318e-01 2.780940818655572994e-03
8.755102040816326037e-01 2.780940493061334357e-03
9.153061224489795755e-01 2.780940221501748341e-03
9.551020408163264364e-01 2.780939953075772884e-03
9.948979591836734082e-01 2.780939675642264425e-03
1.034693877551020380e+00 2.780939346779217388e-03
1.074489795918367241e+00 2.780939059020442680e-03
1.114285714285714324e+00 2.780938715508887975e-03
1.154081632653061185e+00 2.780938323146987193e-03
1.193877551020408045e+00 2.780937942793818094e-03
1.233673469387755128e+00 2.780937464101084639e-03
1.273469387755101989e+00 2.780936953170445695e-03
1.313265306122448850e+00 2.780936243991085927e-03
1.353061224489795933e+00 2.780935267739311628e-03
1.392857142857142794e+00 2.780933578700904227e-03
1.432653061224489655e+00 2.780930185026946055e-03
1.472448979591836737e+00 2.780922865490498622e-03
1.512244897959183598e+00 2.780906120254725538e-03
1.552040816326530459e+00 2.780864639030396386e-03
1.591836734693877542e+00 2.780754103058561549e-03
1.631632653061224403e+00 2.780430491157077216e-03
1.671428571428571264e+00 2.779376291453469067e-03
1.711224489795918347e+00 2.775575885821150984e-03
1.751020408163265207e+00 2.760858075833250852e-03
1.790816326530612068e+00 2.703727762468700543e-03
1.830612244897959151e+00 2.513088425634843037e-03
1.870408163265306012e+00 2.043074519211319096e-03
1.910204081632652873e+00 1.069760144527617633e-03
1.949999999999999956e+00 -9.674502212627733100e-04
