0.000000000000000000e+00 3.498435208418197457e-03
3.979591836734693716e-02 3.498435055451411084e-03
7.959183673469387432e-02 3.498434898411438045e-03
1.193877551020408045e-01 3.498434735483915009e-03
1.591836734693877486e-01 3.498434571438296774e-03
1.989795918367346927e-01 3.498434399563653350e-03
2.387755102040816091e-01 3.498434218510847789e-03
2.785714285714285809e-01 3.498434037665867739e-03
3.183673469387754973e-01 3.498433846689501074e-03
3.581632653061224136e-01 3.498433654361557572e-03
3.979591836734693855e-01 3.498433454214576552e-03
4.377551020408163018e-01 3.498433247742788101e-03
4.775510204081632182e-01 3.498433030619699929e-03
5.173469387755101900e-01 3.498432821859242224e-03
5.571428571428571619e-01 3.498432579554481767e-03
5.969387755102040227e-01 3.498432334229243344e-03
6.367346938775509946e-01 3.498432109683161529e-03
6.765306122448979664e-01 3.498431844206510016e-03
7.163265306122448273e-01 3.498431598112721440e-03
7.561224489795917991e-01 3.498431296265043511e-03
7.959183673469387710e-01 3.498431019545142177e-03
8.357142857142856318e-01 3.498430715563655060e-03
8.755102040816326037e-01 3.498430413804106721e-03
9.153061224489795755e-01 3.498430079100845521e-03
9.551020408163264364e-01 3.498429709047587519e-03
9.948979591836734082e-01 3.498429378624787721e-03
1.034693877551020380e+00 3.498429035222701874e-03
1.074489795918367241e+00 3.498428644118777020e-03
1.114285714285714324e+00 3.498428269834244833e-03
1.154081632653061185e+00 3.498427838722300946e-03
1.193877551020408045e+00 3.498427364168359664e-03
1.233673469387755128e+00 3.498426862583360435e-03
1.273469387755101989e+00 3.498426265002610794e-03
1.313265306122448850e+00 3.498425494391436529e-03
1.353061224489795933e+00 3.498424359982218925e-03
1.392857142857142794e+00 3.498422568539541564e-03
1.432653061224489655e+00 3.498419064539470564e-03
1.472448979591836737e+00 3.498411708744229853e-03
1.512244897959183598e+00 3.498394763001697570e-03
1.552040816326530459e+00 3.498353176805517328e-03
1.591836734693877542e+00 3.498242474667304525e-03
1.631632653061224403e+00 3.497918741308893645e-03
1.671428571428571264e+00 3.496864171504556786e-03
1.711224489795918347e+00 3.493063505320506603e-03
1.751020408163265207e+00 3.478345478461255299e-03
1.790816326530612068e+00 3.421214890312299257e-03
1.830612244897959151e+00 3.230579364108660673e-03
1.870408163265306012e+00 2.760565757111452505e-03
1.910204081632652873e+00 1.787252078853431405e-03
1.949999999999999956e+00 -2.499576395237783138e-04
