0.000000000000000000e+00 3.456678853965057443e-03
3.979591836734693716e-02 3.456678701765456430e-03
7.959183673469387432e-02 3.456678544692367953e-03
1.193877551020408045e-01 3.456678383779068775e-03
1.591836734693877486e-01 3.456678218061488058e-03
1.989795918367346927e-01 3.456678046369156699e-03
2.387755102040816091e-01 3.456677869014228213e-03
2.785714285714285809e-01 3.456677684752805253e-03
3.183673469387754973e-01 3.456677497188366012e-03
3.581632653061224136e-01 3.456677314655650941e-03
3.979591836734693855e-01 3.456677107529515253e-03
4.377551020408163018e-01 3.456676893852250135e-03
4.775510204081632182e-01 3.456676683469281277e-03
5.173469387755101900e-01 3.456676475022608594e-03
5.571428571428571619e-01 3.456676239704937863e-03
5.969387755102040227e-01 3.456675999453510603e-03
6.367346938775509946e-01 3.456675760895601933e-03
6.765306122448979664e-01 3.456675511238062933e-03
7.163265306122448273e-01 3.456675235236873582e-03
7.561224489795917991e-01 3.456674984183866640e-03
7.959183673469387710e-01 3.456674686320534984e-03
8.357142857142856318e-01 3.456674402570476812e-03
8.755102040816326037e-01 3.456674089675787487e-03
9.153061224489795755e-01 3.456673788264993160e-03
9.551020408163264364e-01 3.456673446434856481e-03
9.948979591836734082e-01 3.456673103627549200e-03
1.034693877551020380e+00 3.456672737370612963e-03
1.074489795918367241e+00 3.456672325677245198e-03
1.114285714285714324e+00 3.456671970945875919e-03
1.154081632653061185e+00 3.456671535720205312e-03
1.193877551020408045e+00 3.456671005142339815e-03
1.233673469387755128e+00 3.456670507571979033e-03
1.273469387755101989e+00 3.456669928932049225e-03
1.313265306122448850e+00 3.456669145623536554e-03
1.353061224489795933e+00 3.456668123014224221e-03
1.392857142857142794e+00 3.456666278686424797e-03
1.432653061224489655e+00 3.456662814125131995e-03
1.472448979591836737e+00 3.456655466192862843e-03
1.512244897959183598e+00 3.456638522577204758e-03
1.552040816326530459e+00 3.456596906875050029e-03
1.591836734693877542e+00 3.456486225219363492e-03
1.631632653061224403e+00 3.456162470981839936e-03
1.671428571428571264e+00 3.455108067586591843e-03
1.711224489795918347e+00 3.451307364594449929e-03
1.751020408163265207e+00 3.436589394390329299e-03
1.790816326530612068e+00 3.379458765288586089e-03
1.830612244897959151e+00 3.188822802457236955e-03
1.870408163265306012e+00 2.718809217423458127e-03
1.910204081632652873e+00 1.745495738727763108e-03
1.949999999999999956e+00 -2.917142414744464422e-04
