0.000000000000000000e+00 2.752596484596569418e-03
3.979591836734693716e-02 2.752596350749929484e-03
7.959183673469387432e-02 2.752596213475049652e-03
1.193877551020408045e-01 2.752596072850082252e-03
1.591836734693877486e-01 2.752595928738353192e-03
1.989795918367346927e-01 2.752595776819161989e-03
2.387755102040816091e-01 2.752595625971129140e-03
2.785714285714285809e-01 2.752595461979022353e-03
3.183673469387754973e-01 2.752595302525367212e-03
3.581632653061224136e-01 2.752595132871130373e-03
3.979591836734693855e-01 2.752594964562571443e-03
4.377551020408163018e-01 2.752594795487894441e-03
4.775510204081632182e-01 2.752594597864917864e-03
5.173469387755101900e-01 2.752594400274114769e-03
5.571428571428571619e-01 2.752594214063569956e-03
5.969387755102040227e-01 2.752594006117585739e-03
6.367346938775509946e-01 2.752593793644566959e-03
6.765306122448979664e-01 2.752593578094808795e-03
7.163265306122448273e-01 2.752593341335961025e-03
7.561224489795917991e-01 2.752593097783704972e-03
7.959183673469387710e-01 2.752592862726214572e-03
8.357142857142856318e-01 2.752592612873947225e-03
8.755102040816326037e-01 2.752592380604344368e-03
9.153061224489795755e-01 2.752592111836987040e-03
9.551020408163264364e-01 2.752591783980534116e-03
9.948979591836734082e-01 2.752591494387671405e-03
1.034693877551020380e+00 2.752591198742078329e-03
1.074489795918367241e+00 2.752590862126486158e-03
1.114285714285714324e+00 2.752590505722505177e-03
1.154081632653061185e+00 2.752590124299872550e-03
1.193877551020408045e+00 2.752589786978868087e-03
1.233673469387755128e+00 2.752589287396195981e-03
1.273469387755101989e+00 2.752588819538668956e-03
1.313265306122448850e+00 2.752588141627753619e-03
1.353061224489795933e+00 2.752587133923767825e-03
1.392857142857142794e+00 2.752585408086690409e-03
1.432653061224489655e+00 2.752582056641307041e-03
1.472448979591836737e+00 2.752574824685471641e-03
1.512244897959183598e+00 2.752558022188002738e-03
1.552040816326530459e+00 2.752516540975500931e-03
1.591836734693877542e+00 2.752406052209688606e-03
1.631632653061224403e+00 2.752082403427542987e-03
1.671428571428571264e+00 2.751028120234740547e-03
1.711224489795918347e+00 2.747227795828156936e-03
1.751020408163265207e+00 2.732509953143329607e-03
1.790816326530612068e+00 2.675379696820791037e-03
1.830612244897959151e+00 2.484740291035296162e-03
1.870408163265306012e+00 2.014726327824783482e-03
1.910204081632652873e+00 1.041411959852220825e-03
1.949999999999999956e+00 -9.957980657744063165e-04
