0.000000000000000000e+00 4.909006968960525144e-03
3.979591836734693716e-02 4.909006936588048917e-03
7.959183673469387432e-02 4.909006902350791790e-03
1.193877551020408045e-01 4.909006866612058637e-03
1.591836734693877486e-01 4.909006829842330749e-03
1.989795918367346927e-01 4.909006790549067661e-03
2.387755102040816091e-01 4.909006746596247112e-03
2.785714285714285809e-01 4.909006706309100229e-03
3.183673469387754973e-01 4.909006658051438474e-03
3.581632653061224136e-01 4.909006606849500819e-03
3.979591836734693855e-01 4.909006560774325026e-03
4.377551020408163018e-01 4.909006493265346584e-03
4.775510204081632182e-01 4.909006451559618303e-03
5.173469387755101900e-01 4.909006378253470693e-03
5.571428571428571619e-01 4.909006327613036139e-03
5.969387755102040227e-01 4.909006267998911738e-03
6.367346938775509946e-01 4.909006180458965959e-03
6.765306122448979664e-01 4.909006110275839288e-03
7.163265306122448273e-01 4.909006027145860693e-03
7.561224489795917991e-01 4.909005937165078319e-03
7.959183673469387710e-01 4.909005851650077856e-03
8.357142857142856318e-01 4.909005744859817194e-03
8.755102040816326037e-01 4.909005607156811078e-03
9.153061224489795755e-01 4.909005521980215267e-03
9.551020408163264364e-01 4.909005373246056597e-03
9.948979591836734082e-01 4.909005310137001289e-03
1.034693877551020380e+00 4.909005126355061102e-03
1.074489795918367241e+00 4.909005029075321283e-03
1.114285714285714324e+00 4.909004808842014865e-03
1.154081632653061185e+00 4.909004620845393990e-03
1.193877551020408045e+00 4.909004415700830327e-03
1.233673469387755128e+00 4.909004169732195978e-03
1.273469387755101989e+00 4.909003875752888067e-03
1.313265306122448850e+00 4.909003355255413953e-03
1.353061224489795933e+00 4.909002517603409770e-03
1.392857142857142794e+00 4.909000978388607279e-03
1.432653061224489655e+00 4.908997835196342654e-03
1.472448979591836737e+00 4.908990705548959763e-03
1.512244897959183598e+00 4.908974074843175904e-03
1.552040816326530459e+00 4.908932816042032091e-03
1.591836734693877542e+00 4.908822466058845348e-03
1.631632653061224403e+00 4.908498975134028934e-03
1.671428571428571264e+00 4.907444682181672652e-03
1.711224489795918347e+00 4.903644191518652037e-03
1.751020408163265207e+00 4.888925669491293695e-03
1.790816326530612068e+00 4.831792879666081848e-03
1.830612244897959151e+00 4.641207735224754834e-03
1.870408163265306012e+00 4.171191063199690581e-03
1.910204081632652873e+00 3.197886528505242652e-03
1.949999999999999956e+00 1.160686497963898164e-03
