0.000000000000000000e+00 3.152140701170348669e-03
3.979591836734693716e-02 3.152140555134717598e-03
7.959183673469387432e-02 3.152140406276504516e-03
1.193877551020408045e-01 3.152140251287789945e-03
1.591836734693877486e-01 3.152140093429349650e-03
1.989795918367346927e-01 3.152139930845288852e-03
2.387755102040816091e-01 3.152139761243175249e-03
2.785714285714285809e-01 3.152139588723372118e-03
3.183673469387754973e-01 3.152139415635297429e-03
3.581632653061224136e-01 3.152139225886101039e-03
3.979591836734693855e-01 3.152139040675707143e-03
4.377551020408163018e-01 3.152138844404361179e-03
4.775510204081632182e-01 3.152138638357026602e-03
5.173469387755101900e-01 3.152138426770703487e-03
5.571428571428571619e-01 3.152138201470415946e-03
5.969387755102040227e-01 3.152137984218373636e-03
6.367346938775509946e-01 3.152137749060535989e-03
6.765306122448979664e-01 3.152137505008771080e-03
7.163265306122448273e-01 3.152137252759176170e-03
7.561224489795917991e-01 3.152137006549856311e-03
7.959183673469387710e-01 3.152136746171142496e-03
8.357142857142856318e-01 3.152136478770003504e-03
8.755102040816326037e-01 3.152136147698508199e-03
9.153061224489795755e-01 3.152135899606421394e-03
9.551020408163264364e-01 3.152135530820327717e-03
9.948979591836734082e-01 3.152135276863072318e-03
1.034693877551020380e+00 3.152134858772021823e-03
1.074489795918367241e+00 3.152134531889365897e-03
1.114285714285714324e+00 3.152134171943699742e-03
1.154081632653061185e+00 3.152133727987444303e-03
1.193877551020408045e+00 3.152133290696522514e-03
1.233673469387755128e+00 3.152132797937258132e-03
1.273469387755101989e+00 3.152132243824420921e-03
1.313265306122448850e+00 3.152131571714918753e-03
1.353061224489795933e+00 3.152130519111668097e-03
1.392857142857142794e+00 3.152128707338207238e-03
1.432653061224489655e+00 3.152125261347990971e-03
1.472448979591836737e+00 3.152117983510589663e-03
1.512244897959183598e+00 3.152101120621490261e-03
1.552040816326530459e+00 3.152059566624912379e-03
1.591836734693877542e+00 3.151948954577668983e-03
1.631632653061224403e+00 3.151625239441921498e-03
1.671428571428571264e+00 3.150570805460219462e-03
1.711224489795918347e+00 3.146770305075170544e-03
1.751020408163265207e+00 3.132052303519765497e-03
1.790816326530612068e+00 3.074921988541194640e-03
1.830612244897959151e+00 2.884284257188552553e-03
1.870408163265306012e+00 2.414270391835185436e-03
1.910204081632652873e+00 1.440956599475307900e-03
1.949999999999999956e+00 -5.962530319888916094e-04
