0.000000000000000000e+00 2.645647890193331478e-03
3.979591836734693716e-02 2.645647759850358952e-03
7.959183673469387432e-02 2.645647627304160109e-03
1.193877551020408045e-01 2.645647489911734981e-03
1.591836734693877486e-01 2.645647349188440852e-03
1.989795918367346927e-01 2.645647205734900139e-03
2.387755102040816091e-01 2.645647056113931746e-03
2.785714285714285809e-01 2.645646902099900184e-03
3.183673469387754973e-01 2.645646737769884443e-03
3.581632653061224136e-01 2.645646576579124484e-03
3.979591836734693855e-01 2.645646406025550616e-03
4.377551020408163018e-01 2.645646227755980937e-03
4.775510204081632182e-01 2.645646069696892116e-03
5.173469387755101900e-01 2.645645858182981997e-03
5.571428571428571619e-01 2.645645682961931654e-03
5.969387755102040227e-01 2.645645473998740720e-03
6.367346938775509946e-01 2.645645277867987154e-03
6.765306122448979664e-01 2.645645084272073982e-03
7.163265306122448273e-01 2.645644831894108234e-03
7.561224489795917991e-01 2.645644616243079950e-03
7.959183673469387710e-01 2.645644380287061771e-03
8.357142857142856318e-01 2.645644159043476686e-03
8.755102040816326037e-01 2.645643881410708349e-03
9.153061224489795755e-01 2.645643611405514364e-03
9.551020408163264364e-01 2.645643320521712943e-03
9.948979591836734082e-01 2.645643066797298201e-03
1.034693877551020380e+00 2.645642765689250851e-03
1.074489795918367241e+00 2.645642399773518675e-03
1.114285714285714324e+00 2.645642156051376814e-03
1.154081632653061185e+00 2.645641741213359578e-03
1.193877551020408045e+00 2.645641377179611554e-03
1.233673469387755128e+00 2.645640908264830851e-03
1.273469387755101989e+00 2.645640452506421540e-03
1.313265306122448850e+00 2.645639821232652605e-03
1.353061224489795933e+00 2.645638766705705504e-03
1.392857142857142794e+00 2.645637097755313121e-03
1.432653061224489655e+00 2.645633782970056511e-03
1.472448979591836737e+00 2.645626485870627032e-03
1.512244897959183598e+00 2.645609674803476707e-03
1.552040816326530459e+00 2.645568290047123090e-03
1.591836734693877542e+00 2.645457798296577210e-03
1.631632653061224403e+00 2.645134230270505295e-03
1.671428571428571264e+00 2.644080043773578553e-03
1.711224489795918347e+00 2.640279635803157669e-03
1.751020408163265207e+00 2.625561960787904745e-03
1.790816326530612068e+00 2.568431708260988846e-03
1.830612244897959151e+00 2.377791997297764963e-03
1.870408163265306012e+00 1.907777926284339853e-03
1.910204081632652873e+00 9.344635516600577644e-04
1.949999999999999956e+00 -1.102746510429923306e-03
