0.000000000000000000e+00 4.909055658577464107e-03
3.979591836734693716e-02 4.909055626189054444e-03
7.959183673469387432e-02 4.909055592442694571e-03
1.193877551020408045e-01 4.909055556510345461e-03
1.591836734693877486e-01 4.909055517873753272e-03
1.989795918367346927e-01 4.909055480505627317e-03
2.387755102040816091e-01 4.909055437549101827e-03
2.785714285714285809e-01 4.909055394901351045e-03
3.183673469387754973e-01 4.909055344800642741e-03
3.581632653061224136e-01 4.909055298964974147e-03
3.979591836734693855e-01 4.909055248624762981e-03
4.377551020408163018e-01 4.909055190904586252e-03
4.775510204081632182e-01 4.909055135443431486e-03
5.173469387755101900e-01 4.909055073877720624e-03
5.571428571428571619e-01 4.909055008004100697e-03
5.969387755102040227e-01 4.909054939553564659e-03
6.367346938775509946e-01 4.909054879741111925e-03
6.765306122448979664e-01 4.909054791535150293e-03
7.163265306122448273e-01 4.909054714424445319e-03
7.561224489795917991e-01 4.909054649844915227e-03
7.959183673469387710e-01 4.909054537134369470e-03
8.357142857142856318e-01 4.909054428303622972e-03
8.755102040816326037e-01 4.909054317865330780e-03
9.153061224489795755e-01 4.909054227416647515e-03
9.551020408163264364e-01 4.909054048990117020e-03
9.948979591836734082e-01 4.909053956745407753e-03
1.034693877551020380e+00 4.909053869078156690e-03
1.074489795918367241e+00 4.909053672713474363e-03
1.114285714285714324e+00 4.909053538980720326e-03
1.154081632653061185e+00 4.909053309416359749e-03
1.193877551020408045e+00 4.909053101707302330e-03
1.233673469387755128e+00 4.909052855984301356e-03
1.273469387755101989e+00 4.909052489662425744e-03
1.313265306122448850e+00 4.909052006519998637e-03
1.353061224489795933e+00 4.909051211556525983e-03
1.392857142857142794e+00 4.909049643329384954e-03
1.432653061224489655e+00 4.909046496701042518e-03
1.472448979591836737e+00 4.909039387480862091e-03
1.512244897959183598e+00 4.909022806060649516e-03
1.552040816326530459e+00 4.908981518811992260e-03
1.591836734693877542e+00 4.908871129846212322e-03
1.631632653061224403e+00 4.908547621059218893e-03
1.671428571428571264e+00 4.907493410490479033e-03
1.711224489795918347e+00 4.903692881658739365e-03
1.751020408163265207e+00 4.888974401122526611e-03
1.790816326530612068e+00 4.831841604044341369e-03
1.830612244897959151e+00 4.641256312392068664e-03
1.870408163265306012e+00 4.171239828539199251e-03
1.910204081632652873e+00 3.197935063741375733e-03
1.949999999999999956e+00 1.160735418340232443e-03
