0.000000000000000000e+00 4.754437658881288317e-03
3.979591836734693716e-02 4.754437545277110169e-03
7.959183673469387432e-02 4.754437428677735049e-03
1.193877551020408045e-01 4.754437306985517982e-03
1.591836734693877486e-01 4.754437180412543658e-03
1.989795918367346927e-01 4.754437050085822021e-03
2.387755102040816091e-01 4.754436911661822328e-03
2.785714285714285809e-01 4.754436773279834168e-03
3.183673469387754973e-01 4.754436628513160693e-03
3.581632653061224136e-01 4.754436477351640759e-03
3.979591836734693855e-01 4.754436323890444752e-03
4.377551020408163018e-01 4.754436159876171235e-03
4.775510204081632182e-01 4.754435976755509372e-03
5.173469387755101900e-01 4.754435807283722941e-03
5.571428571428571619e-01 4.754435627697914044e-03
5.969387755102040227e-01 4.754435420392238813e-03
6.367346938775509946e-01 4.754435221200543557e-03
6.765306122448979664e-01 4.754435025132025365e-03
7.163265306122448273e-01 4.754434791422044310e-03
7.561224489795917991e-01 4.754434574757152553e-03
7.959183673469387710e-01 4.754434313302398005e-03
8.357142857142856318e-01 4.754434073837675648e-03
8.755102040816326037e-01 4.754433841571432083e-03
9.153061224489795755e-01 4.754433499151489856e-03
9.551020408163264364e-01 4.754433237790746912e-03
9.948979591836734082e-01 4.754432923451212475e-03
1.034693877551020380e+00 4.754432584158102375e-03
1.074489795918367241e+00 4.754432220744806391e-03
1.114285714285714324e+00 4.754431893270179114e-03
1.154081632653061185e+00 4.754431456549868158e-03
1.193877551020408045e+00 4.754431018958203865e-03
1.233673469387755128e+00 4.754430558482848103e-03
1.273469387755101989e+00 4.754430003514983905e-03
1.313265306122448850e+00 4.754429226458821434e-03
1.353061224489795933e+00 4.754428139072035785e-03
1.392857142857142794e+00 4.754426363181556842e-03
1.432653061224489655e+00 4.754422859123252042e-03
1.472448979591836737e+00 4.754415490241440875e-03
1.512244897959183598e+00 4.754398565302109768e-03
1.552040816326530459e+00 4.754356975621302876e-03
1.591836734693877542e+00 4.754246219673790609e-03
1.631632653061224403e+00 4.753922328066990076e-03
1.671428571428571264e+00 4.752867778469874530e-03
1.711224489795918347e+00 4.749066796274140946e-03
1.751020408163265207e+00 4.734348244953940146e-03
1.790816326530612068e+00 4.677216207761874210e-03
1.830612244897959151e+00 4.486606441014582246e-03
1.870408163265306012e+00 4.016591718874473749e-03
1.910204081632652873e+00 3.043283009003206092e-03
1.949999999999999956e+00 1.006078116408390616e-03
