0.000000000000000000e+00 3.276242306650155745e-03
3.979591836734693716e-02 3.276242157715471282e-03
7.959183673469387432e-02 3.276242005798038221e-03
1.193877551020408045e-01 3.276241849560127591e-03
1.591836734693877486e-01 3.276241685254564513e-03
1.989795918367346927e-01 3.276241519808142325e-03
2.387755102040816091e-01 3.276241348839054480e-03
2.785714285714285809e-01 3.276241171757546602e-03
3.183673469387754973e-01 3.276240987096896550e-03
3.581632653061224136e-01 3.276240802026022993e-03
3.979591836734693855e-01 3.276240612837149659e-03
4.377551020408163018e-01 3.276240395384310937e-03
4.775510204081632182e-01 3.276240184836795317e-03
5.173469387755101900e-01 3.276239970569288801e-03
5.571428571428571619e-01 3.276239764731677089e-03
5.969387755102040227e-01 3.276239524590111168e-03
6.367346938775509946e-01 3.276239289396518269e-03
6.765306122448979664e-01 3.276239045705357268e-03
7.163265306122448273e-01 3.276238787522754801e-03
7.561224489795917991e-01 3.276238534278184521e-03
7.959183673469387710e-01 3.276238261078717132e-03
8.357142857142856318e-01 3.276237942673226357e-03
8.755102040816326037e-01 3.276237720512459577e-03
9.153061224489795755e-01 3.276237357991824105e-03
9.551020408163264364e-01 3.276237055178779500e-03
9.948979591836734082e-01 3.276236727167339009e-03
1.034693877551020380e+00 3.276236352012288754e-03
1.074489795918367241e+00 3.276235980676142460e-03
1.114285714285714324e+00 3.276235560486452560e-03
1.154081632653061185e+00 3.276235179262300921e-03
1.193877551020408045e+00 3.276234724880428082e-03
1.233673469387755128e+00 3.276234286014461511e-03
1.273469387755101989e+00 3.276233682805772783e-03
1.313265306122448850e+00 3.276232932082326701e-03
1.353061224489795933e+00 3.276231868104335920e-03
1.392857142857142794e+00 3.276230093451019260e-03
1.432653061224489655e+00 3.276226596881976275e-03
1.472448979591836737e+00 3.276219242407534503e-03
1.512244897959183598e+00 3.276202371472536953e-03
1.552040816326530459e+00 3.276160782295852412e-03
1.591836734693877542e+00 3.276050194574055621e-03
1.631632653061224403e+00 3.275726406519974439e-03
1.671428571428571264e+00 3.274672087218587126e-03
1.711224489795918347e+00 3.270871416983853978e-03
1.751020408163265207e+00 3.256153486448571006e-03
1.790816326530612068e+00 3.199023061538340887e-03
1.830612244897959151e+00 3.008385897557760459e-03
1.870408163265306012e+00 2.538372137366510638e-03
1.910204081632652873e+00 1.565058167378711833e-03
1.949999999999999956e+00 -4.721513845645759029e-04
