0.000000000000000000e+00 3.865222034091678454e-03
3.979591836734693716e-02 3.865221877284164432e-03
7.959183673469387432e-02 3.865221716573777593e-03
1.193877551020408045e-01 3.865221550614288386e-03
1.591836734693877486e-01 3.865221379521039443e-03
1.989795918367346927e-01 3.865221203843545623e-03
2.387755102040816091e-01 3.865221025472493320e-03
2.785714285714285809e-01 3.865220830608243584e-03
3.183673469387754973e-01 3.865220641550190083e-03
3.581632653061224136e-01 3.865220439609530143e-03
3.979591836734693855e-01 3.865220235042591233e-03
4.377551020408163018e-01 3.865220021799667914e-03
4.775510204081632182e-01 3.865219794894516562e-03
5.173469387755101900e-01 3.865219575682398920e-03
5.571428571428571619e-01 3.865219327024649581e-03
5.969387755102040227e-01 3.865219090729488192e-03
6.367346938775509946e-01 3.865218830169313627e-03
6.765306122448979664e-01 3.865218585130978952e-03
7.163265306122448273e-01 3.865218296827011013e-03
7.561224489795917991e-01 3.865218023839268793e-03
7.959183673469387710e-01 3.865217707045329187e-03
8.357142857142856318e-01 3.865217423057689360e-03
8.755102040816326037e-01 3.865217083957370355e-03
9.153061224489795755e-01 3.865216761045139979e-03
9.551020408163264364e-01 3.865216392872408962e-03
9.948979591836734082e-01 3.865216013253507978e-03
1.034693877551020380e+00 3.865215697407922615e-03
1.074489795918367241e+00 3.865215245187874314e-03
1.114285714285714324e+00 3.865214777384403440e-03
1.154081632653061185e+00 3.865214352681672991e-03
1.193877551020408045e+00 3.865213918760107212e-03
1.233673469387755128e+00 3.865213373898160418e-03
1.273469387755101989e+00 3.865212718456964743e-03
1.313265306122448850e+00 3.865211929077957704e-03
1.353061224489795933e+00 3.865210794605311671e-03
1.392857142857142794e+00 3.865208934874661811e-03
1.432653061224489655e+00 3.865205409534362181e-03
1.472448979591836737e+00 3.865198030134769057e-03
1.512244897959183598e+00 3.865181056499334376e-03
1.552040816326530459e+00 3.865139373900135754e-03
1.591836734693877542e+00 3.865028629113577158e-03
1.631632653061224403e+00 3.864704752381341313e-03
1.671428571428571264e+00 3.863650139735966445e-03
1.711224489795918347e+00 3.859849427487384733e-03
1.751020408163265207e+00 3.845131167851591897e-03
1.790816326530612068e+00 3.788000319785934412e-03
1.830612244897959151e+00 3.597368286853690634e-03
1.870408163265306012e+00 3.127354605851521020e-03
1.910204081632652873e+00 2.154042010669378251e-03
1.949999999999999956e+00 1.168327336633062500e-04
