0.000000000000000000e+00 3.444482924481013890e-03
3.979591836734693716e-02 3.444482772256811896e-03
7.959183673469387432e-02 3.444482615856880696e-03
1.193877551020408045e-01 3.444482455325748906e-03
1.591836734693877486e-01 3.444482289766955668e-03
1.989795918367346927e-01 3.444482117139452231e-03
2.387755102040816091e-01 3.444481940430309686e-03
2.785714285714285809e-01 3.444481759825307379e-03
3.183673469387754973e-01 3.444481572606319670e-03
3.581632653061224136e-01 3.444481376252511023e-03
3.979591836734693855e-01 3.444481175566991606e-03
4.377551020408163018e-01 3.444480984843768367e-03
4.775510204081632182e-01 3.444480766889545555e-03
5.173469387755101900e-01 3.444480553189031673e-03
5.571428571428571619e-01 3.444480313252081156e-03
5.969387755102040227e-01 3.444480076207752980e-03
6.367346938775509946e-01 3.444479820493986412e-03
6.765306122448979664e-01 3.444479585003325586e-03
7.163265306122448273e-01 3.444479311654546645e-03
7.561224489795917991e-01 3.444479056392494697e-03
7.959183673469387710e-01 3.444478778552223508e-03
8.357142857142856318e-01 3.444478424758843499e-03
8.755102040816326037e-01 3.444478166100971468e-03
9.153061224489795755e-01 3.444477839738808913e-03
9.551020408163264364e-01 3.444477493056458117e-03
9.948979591836734082e-01 3.444477181953704316e-03
1.034693877551020380e+00 3.444476781784827114e-03
1.074489795918367241e+00 3.444476457580885210e-03
1.114285714285714324e+00 3.444476067872693711e-03
1.154081632653061185e+00 3.444475581250894865e-03
1.193877551020408045e+00 3.444475127730711218e-03
1.233673469387755128e+00 3.444474614593052118e-03
1.273469387755101989e+00 3.444474025736671361e-03
1.313265306122448850e+00 3.444473257235369703e-03
1.353061224489795933e+00 3.444472153317478143e-03
1.392857142857142794e+00 3.444470365703256563e-03
1.432653061224489655e+00 3.444466912366696276e-03
1.472448979591836737e+00 3.444459555402702104e-03
1.512244897959183598e+00 3.444442624730665019e-03
1.552040816326530459e+00 3.444401029094545496e-03
1.591836734693877542e+00 3.444290387612380586e-03
1.631632653061224403e+00 3.443966568697578740e-03
1.671428571428571264e+00 3.442912059649388956e-03
1.711224489795918347e+00 3.439111473838120988e-03
1.751020408163265207e+00 3.424393352114505056e-03
1.790816326530612068e+00 3.367262713608349702e-03
1.830612244897959151e+00 3.176626968168066653e-03
1.870408163265306012e+00 2.706613299005040420e-03
1.910204081632652873e+00 1.733299787670424972e-03
1.949999999999999956e+00 -3.039097362227672597e-04
