0.000000000000000000e+00 3.523189036540921686e-03
3.979591836734693716e-02 3.523188882876367081e-03
7.959183673469387432e-02 3.523188725879494981e-03
1.193877551020408045e-01 3.523188563593992670e-03
1.591836734693877486e-01 3.523188396001914868e-03
1.989795918367346927e-01 3.523188223706062369e-03
2.387755102040816091e-01 3.523188049110418003e-03
2.785714285714285809e-01 3.523187862147340605e-03
3.183673469387754973e-01 3.523187672013072466e-03
3.581632653061224136e-01 3.523187475977135417e-03
3.979591836734693855e-01 3.523187279132269922e-03
4.377551020408163018e-01 3.523187064740627896e-03
4.775510204081632182e-01 3.523186853571276360e-03
5.173469387755101900e-01 3.523186638103293494e-03
5.571428571428571619e-01 3.523186412027342999e-03
5.969387755102040227e-01 3.523186181514776499e-03
6.367346938775509946e-01 3.523185918143916222e-03
6.765306122448979664e-01 3.523185665047965775e-03
7.163265306122448273e-01 3.523185400094643906e-03
7.561224489795917991e-01 3.523185127250802635e-03
7.959183673469387710e-01 3.523184835661106670e-03
8.357142857142856318e-01 3.523184533283616870e-03
8.755102040816326037e-01 3.523184229990463257e-03
9.153061224489795755e-01 3.523183931692893452e-03
9.551020408163264364e-01 3.523183583629988999e-03
9.948979591836734082e-01 3.523183167768460626e-03
1.034693877551020380e+00 3.523182847119625885e-03
1.074489795918367241e+00 3.523182465138957435e-03
1.114285714285714324e+00 3.523182072223686803e-03
1.154081632653061185e+00 3.523181633112877024e-03
1.193877551020408045e+00 3.523181132521991873e-03
1.233673469387755128e+00 3.523180665142035956e-03
1.273469387755101989e+00 3.523180017711298895e-03
1.313265306122448850e+00 3.523179264033554550e-03
1.353061224489795933e+00 3.523178176601269272e-03
1.392857142857142794e+00 3.523176354460741833e-03
1.432653061224489655e+00 3.523172863371274409e-03
1.472448979591836737e+00 3.523165506012955906e-03
1.512244897959183598e+00 3.523148552261148956e-03
1.552040816326530459e+00 3.523106970762899994e-03
1.591836734693877542e+00 3.522996282271476619e-03
1.631632653061224403e+00 3.522672535553204344e-03
1.671428571428571264e+00 3.521618002126749962e-03
1.711224489795918347e+00 3.517817392548007027e-03
1.751020408163265207e+00 3.503099210834349948e-03
1.790816326530612068e+00 3.445968548183494899e-03
1.830612244897959151e+00 3.255333239006862490e-03
1.870408163265306012e+00 2.785319590894898192e-03
1.910204081632652873e+00 1.812006407940731879e-03
1.949999999999999956e+00 -2.252028366137566278e-04
