0.000000000000000000e+00 3.155490336533390942e-03
3.979591836734693716e-02 3.155490190872052483e-03
7.959183673469387432e-02 3.155490041247849264e-03
1.193877551020408045e-01 3.155489885579385902e-03
1.591836734693877486e-01 3.155489730395966835e-03
1.989795918367346927e-01 3.155489563261570669e-03
2.387755102040816091e-01 3.155489393625587891e-03
2.785714285714285809e-01 3.155489223566703815e-03
3.183673469387754973e-01 3.155489039445056633e-03
3.581632653061224136e-01 3.155488859512740624e-03
3.979591836734693855e-01 3.155488670276183644e-03
4.377551020408163018e-01 3.155488472983153207e-03
4.775510204081632182e-01 3.155488273898384571e-03
5.173469387755101900e-01 3.155488066188562139e-03
5.571428571428571619e-01 3.155487844411876582e-03
5.969387755102040227e-01 3.155487624183620811e-03
6.367346938775509946e-01 3.155487399027807980e-03
6.765306122448979664e-01 3.155487150749380215e-03
7.163265306122448273e-01 3.155486914124565855e-03
7.561224489795917991e-01 3.155486637497402838e-03
7.959183673469387710e-01 3.155486363413810211e-03
8.357142857142856318e-01 3.155486079044548999e-03
8.755102040816326037e-01 3.155485785979976390e-03
9.153061224489795755e-01 3.155485519581009268e-03
9.551020408163264364e-01 3.155485197061717612e-03
9.948979591836734082e-01 3.155484867368345183e-03
1.034693877551020380e+00 3.155484501468619300e-03
1.074489795918367241e+00 3.155484177061504848e-03
1.114285714285714324e+00 3.155483771767533720e-03
1.154081632653061185e+00 3.155483404478458265e-03
1.193877551020408045e+00 3.155482924455638161e-03
1.233673469387755128e+00 3.155482426246574747e-03
1.273469387755101989e+00 3.155481910906142093e-03
1.313265306122448850e+00 3.155481164212165044e-03
1.353061224489795933e+00 3.155480139484317329e-03
1.392857142857142794e+00 3.155478352978137360e-03
1.432653061224489655e+00 3.155474855793062843e-03
1.472448979591836737e+00 3.155467589618187949e-03
1.512244897959183598e+00 3.155450740707018906e-03
1.552040816326530459e+00 3.155409132862144975e-03
1.591836734693877542e+00 3.155298572415593614e-03
1.631632653061224403e+00 3.154974850007875777e-03
1.671428571428571264e+00 3.153920543890998372e-03
1.711224489795918347e+00 3.150119990340701209e-03
1.751020408163265207e+00 3.135401988615237751e-03
1.790816326530612068e+00 3.078271609151687471e-03
1.830612244897959151e+00 2.887633768183191230e-03
1.870408163265306012e+00 2.417619912574661863e-03
1.910204081632652873e+00 1.444306098717903011e-03
1.949999999999999956e+00 -5.929033795352635534e-04
