0.000000000000000000e+00 2.825252079467850154e-03
3.979591836734693716e-02 2.825251943481777057e-03
7.959183673469387432e-02 2.825251804323754279e-03
1.193877551020408045e-01 2.825251659798414233e-03
1.591836734693877486e-01 2.825251512752273778e-03
1.989795918367346927e-01 2.825251358889140172e-03
2.387755102040816091e-01 2.825251205506132922e-03
2.785714285714285809e-01 2.825251044857926379e-03
3.183673469387754973e-01 2.825250878300823200e-03
3.581632653061224136e-01 2.825250704766875572e-03
3.979591836734693855e-01 2.825250523995956071e-03
4.377551020408163018e-01 2.825250344947228837e-03
4.775510204081632182e-01 2.825250150745428363e-03
5.173469387755101900e-01 2.825249964812066774e-03
5.571428571428571619e-01 2.825249745702911909e-03
5.969387755102040227e-01 2.825249566894122953e-03
6.367346938775509946e-01 2.825249342374503911e-03
6.765306122448979664e-01 2.825249110625803819e-03
7.163265306122448273e-01 2.825248877236290809e-03
7.561224489795917991e-01 2.825248648720592691e-03
7.959183673469387710e-01 2.825248387098900065e-03
8.357142857142856318e-01 2.825248135659872914e-03
8.755102040816326037e-01 2.825247861803554649e-03
9.153061224489795755e-01 2.825247552902212210e-03
9.551020408163264364e-01 2.825247284244506753e-03
9.948979591836734082e-01 2.825246981330271825e-03
1.034693877551020380e+00 2.825246676780120668e-03
1.074489795918367241e+00 2.825246346306103159e-03
1.114285714285714324e+00 2.825245994403638525e-03
1.154081632653061185e+00 2.825245653405154735e-03
1.193877551020408045e+00 2.825245229053234379e-03
1.233673469387755128e+00 2.825244794795104489e-03
1.273469387755101989e+00 2.825244265515550711e-03
1.313265306122448850e+00 2.825243601184758077e-03
1.353061224489795933e+00 2.825242564625423183e-03
1.392857142857142794e+00 2.825240810437165857e-03
1.432653061224489655e+00 2.825237434533435683e-03
1.472448979591836737e+00 2.825230206100537433e-03
1.512244897959183598e+00 2.825213337124148939e-03
1.552040816326530459e+00 2.825171890775966463e-03
1.591836734693877542e+00 2.825061394926882668e-03
1.631632653061224403e+00 2.824737731478531733e-03
1.671428571428571264e+00 2.823683447635964329e-03
1.711224489795918347e+00 2.819883104717955686e-03
1.751020408163265207e+00 2.805165277389456979e-03
1.790816326530612068e+00 2.748034948760267725e-03
1.830612244897959151e+00 2.557395719580798227e-03
1.870408163265306012e+00 2.087381727329311494e-03
1.910204081632652873e+00 1.114067593261631279e-03
1.949999999999999956e+00 -9.231426248851647230e-04
