0.000000000000000000e+00 3.337292208382833074e-03
3.979591836734693716e-02 3.337292058105393276e-03
7.959183673469387432e-02 3.337291903953028792e-03
1.193877551020408045e-01 3.337291746061350761e-03
1.591836734693877486e-01 3.337291580988482192e-03
1.989795918367346927e-01 3.337291411857437086e-03
2.387755102040816091e-01 3.337291235760795043e-03
2.785714285714285809e-01 3.337291056980850636e-03
3.183673469387754973e-01 3.337290878263363212e-03
3.581632653061224136e-01 3.337290682169260017e-03
3.979591836734693855e-01 3.337290494714832603e-03
4.377551020408163018e-01 3.337290289606009881e-03
4.775510204081632182e-01 3.337290085926642672e-03
5.173469387755101900e-01 3.337289874699763369e-03
5.571428571428571619e-01 3.337289628205434948e-03
5.969387755102040227e-01 3.337289405959613809e-03
6.367346938775509946e-01 3.337289164394948403e-03
6.765306122448979664e-01 3.337288905796596903e-03
7.163265306122448273e-01 3.337288668860158986e-03
7.561224489795917991e-01 3.337288398229032969e-03
7.959183673469387710e-01 3.337288114473851292e-03
8.357142857142856318e-01 3.337287808630576974e-03
8.755102040816326037e-01 3.337287531175783459e-03
9.153061224489795755e-01 3.337287238526245609e-03
9.551020408163264364e-01 3.337286914556961050e-03
9.948979591836734082e-01 3.337286549385326366e-03
1.034693877551020380e+00 3.337286175911281273e-03
1.074489795918367241e+00 3.337285796995495806e-03
1.114285714285714324e+00 3.337285407534952130e-03
1.154081632653061185e+00 3.337285018434841492e-03
1.193877551020408045e+00 3.337284550000732715e-03
1.233673469387755128e+00 3.337284047891518699e-03
1.273469387755101989e+00 3.337283477719730877e-03
1.313265306122448850e+00 3.337282695629044393e-03
1.353061224489795933e+00 3.337281620846740439e-03
1.392857142857142794e+00 3.337279881710216410e-03
1.432653061224489655e+00 3.337276393496085240e-03
1.472448979591836737e+00 3.337269035301595327e-03
1.512244897959183598e+00 3.337252149954753229e-03
1.552040816326530459e+00 3.337210580579725531e-03
1.591836734693877542e+00 3.337099950732815446e-03
1.631632653061224403e+00 3.336776190909488803e-03
1.671428571428571264e+00 3.335721752563637534e-03
1.711224489795918347e+00 3.331921164304113558e-03
1.751020408163265207e+00 3.317203143909345717e-03
1.790816326530612068e+00 3.260072655294323288e-03
1.830612244897959151e+00 3.069435846733800828e-03
1.870408163265306012e+00 2.599422084292091640e-03
1.910204081632652873e+00 1.626108816738277727e-03
1.949999999999999956e+00 -4.111013502548294053e-04
