0.000000000000000000e+00 2.987754214405205846e-03
3.979591836734693716e-02 2.987754073191855372e-03
7.959183673469387432e-02 2.987753928447081913e-03
1.193877551020408045e-01 2.987753780544758278e-03
1.591836734693877486e-01 2.987753625921915103e-03
1.989795918367346927e-01 2.987753467283041364e-03
2.387755102040816091e-01 2.987753300691100601e-03
2.785714285714285809e-01 2.987753137915166377e-03
3.183673469387754973e-01 2.987752964478048411e-03
3.581632653061224136e-01 2.987752791413842215e-03
3.979591836734693855e-01 2.987752602346206970e-03
4.377551020408163018e-01 2.987752417373091152e-03
4.775510204081632182e-01 2.987752228795208242e-03
5.173469387755101900e-01 2.987752004289631787e-03
5.571428571428571619e-01 2.987751807809595553e-03
5.969387755102040227e-01 2.987751594895293912e-03
6.367346938775509946e-01 2.987751364523026209e-03
6.765306122448979664e-01 2.987751134682567911e-03
7.163265306122448273e-01 2.987750902621742928e-03
7.561224489795917991e-01 2.987750637157651681e-03
7.959183673469387710e-01 2.987750393076185704e-03
8.357142857142856318e-01 2.987750105786284634e-03
8.755102040816326037e-01 2.987749836065481217e-03
9.153061224489795755e-01 2.987749526828527898e-03
9.551020408163264364e-01 2.987749242379025751e-03
9.948979591836734082e-01 2.987748936342750437e-03
1.034693877551020380e+00 2.987748582459057688e-03
1.074489795918367241e+00 2.987748268957622806e-03
1.114285714285714324e+00 2.987747855279959067e-03
1.154081632653061185e+00 2.987747505560484334e-03
1.193877551020408045e+00 2.987747114321884223e-03
1.233673469387755128e+00 2.987746653750432153e-03
1.273469387755101989e+00 2.987746095863971166e-03
1.313265306122448850e+00 2.987745371236573150e-03
1.353061224489795933e+00 2.987744326642168251e-03
1.392857142857142794e+00 2.987742560142589692e-03
1.432653061224489655e+00 2.987739152917908911e-03
1.472448979591836737e+00 2.987731900863660993e-03
1.512244897959183598e+00 2.987715001510083887e-03
1.552040816326530459e+00 2.987673574502292245e-03
1.591836734693877542e+00 2.987563009655353277e-03
1.631632653061224403e+00 2.987239242598112646e-03
1.671428571428571264e+00 2.986184975141614826e-03
1.711224489795918347e+00 2.982384551525766713e-03
1.751020408163265207e+00 2.967666676705883917e-03
1.790816326530612068e+00 2.910536244276040827e-03
1.830612244897959151e+00 2.719897583151564564e-03
1.870408163265306012e+00 2.249883873573069615e-03
1.910204081632652873e+00 1.276569613605715902e-03
1.949999999999999956e+00 -7.606402536043092464e-04
