0.000000000000000000e+00 3.181280720161044819e-03
3.979591836734693716e-02 3.181280573611743479e-03
7.959183673469387432e-02 3.181280423273417490e-03
1.193877551020408045e-01 3.181280268952889779e-03
1.591836734693877486e-01 3.181280111150066019e-03
1.989795918367346927e-01 3.181279945452749908e-03
2.387755102040816091e-01 3.181279775202004549e-03
2.785714285714285809e-01 3.181279604364463821e-03
3.183673469387754973e-01 3.181279421672082199e-03
3.581632653061224136e-01 3.181279241981357659e-03
3.979591836734693855e-01 3.181279052080898586e-03
4.377551020408163018e-01 3.181278856512897990e-03
4.775510204081632182e-01 3.181278645683157606e-03
5.173469387755101900e-01 3.181278433058567796e-03
5.571428571428571619e-01 3.181278210666373726e-03
5.969387755102040227e-01 3.181277988993261568e-03
6.367346938775509946e-01 3.181277769424094033e-03
6.765306122448979664e-01 3.181277518869987490e-03
7.163265306122448273e-01 3.181277259424821185e-03
7.561224489795917991e-01 3.181277010914728039e-03
7.959183673469387710e-01 3.181276748960046568e-03
8.357142857142856318e-01 3.181276470916649234e-03
8.755102040816326037e-01 3.181276173124290754e-03
9.153061224489795755e-01 3.181275857501214901e-03
9.551020408163264364e-01 3.181275572980792488e-03
9.948979591836734082e-01 3.181275232915036985e-03
1.034693877551020380e+00 3.181274854646417433e-03
1.074489795918367241e+00 3.181274507903450195e-03
1.114285714285714324e+00 3.181274129199892966e-03
1.154081632653061185e+00 3.181273723612517649e-03
1.193877551020408045e+00 3.181273280066600206e-03
1.233673469387755128e+00 3.181272785218175383e-03
1.273469387755101989e+00 3.181272229716543710e-03
1.313265306122448850e+00 3.181271481105065781e-03
1.353061224489795933e+00 3.181270419231636750e-03
1.392857142857142794e+00 3.181268659099289586e-03
1.432653061224489655e+00 3.181265205141018716e-03
1.472448979591836737e+00 3.181257893003577603e-03
1.512244897959183598e+00 3.181241005634792562e-03
1.552040816326530459e+00 3.181199488216078682e-03
1.591836734693877542e+00 3.181088884130728583e-03
1.631632653061224403e+00 3.180765163133712596e-03
1.671428571428571264e+00 3.179710709292996821e-03
1.711224489795918347e+00 3.175910245565139942e-03
1.751020408163265207e+00 3.161192277834651721e-03
1.790816326530612068e+00 3.104061809564727294e-03
1.830612244897959151e+00 2.913424184521451465e-03
1.870408163265306012e+00 2.443410440775431371e-03
1.910204081632652873e+00 1.470096751535578073e-03
1.949999999999999956e+00 -5.671135040992700879e-04
