0.000000000000000000e+00 3.314274605236340078e-03
3.979591836734693716e-02 3.314274455490580449e-03
7.959183673469387432e-02 3.314274302571741833e-03
1.193877551020408045e-01 3.314274144031396918e-03
1.591836734693877486e-01 3.314273981525589496e-03
1.989795918367346927e-01 3.314273814686497042e-03
2.387755102040816091e-01 3.314273641955680413e-03
2.785714285714285809e-01 3.314273462018809888e-03
3.183673469387754973e-01 3.314273276818819561e-03
3.581632653061224136e-01 3.314273089542516589e-03
3.979591836734693855e-01 3.314272895078155309e-03
4.377551020408163018e-01 3.314272703049970722e-03
4.775510204081632182e-01 3.314272474417664059e-03
5.173469387755101900e-01 3.314272271751786490e-03
5.571428571428571619e-01 3.314272055834443023e-03
5.969387755102040227e-01 3.314271800641094366e-03
6.367346938775509946e-01 3.314271586931727322e-03
6.765306122448979664e-01 3.314271312286756060e-03
7.163265306122448273e-01 3.314271085219200764e-03
7.561224489795917991e-01 3.314270804279307453e-03
7.959183673469387710e-01 3.314270545299127270e-03
8.357142857142856318e-01 3.314270274950024790e-03
8.755102040816326037e-01 3.314269957495540649e-03
9.153061224489795755e-01 3.314269643152188954e-03
9.551020408163264364e-01 3.314269313608506247e-03
9.948979591836734082e-01 3.314268946417614405e-03
1.034693877551020380e+00 3.314268602322729875e-03
1.074489795918367241e+00 3.314268268847237863e-03
1.114285714285714324e+00 3.314267820590847957e-03
1.154081632653061185e+00 3.314267459668677335e-03
1.193877551020408045e+00 3.314267018729199696e-03
1.233673469387755128e+00 3.314266507096274000e-03
1.273469387755101989e+00 3.314265908282714064e-03
1.313265306122448850e+00 3.314265161745084173e-03
1.353061224489795933e+00 3.314264061833808832e-03
1.392857142857142794e+00 3.314262275697026517e-03
1.432653061224489655e+00 3.314258834050159280e-03
1.472448979591836737e+00 3.314251488233080096e-03
1.512244897959183598e+00 3.314234591588253748e-03
1.552040816326530459e+00 3.314193034090090560e-03
1.591836734693877542e+00 3.314082391880434665e-03
1.631632653061224403e+00 3.313758618505734024e-03
1.671428571428571264e+00 3.312704259999152065e-03
1.711224489795918347e+00 3.308903618875387326e-03
1.751020408163265207e+00 3.294185519495806871e-03
1.790816326530612068e+00 3.237055131674246126e-03
1.830612244897959151e+00 3.046418177789368253e-03
1.870408163265306012e+00 2.576404456853689882e-03
1.910204081632652873e+00 1.603091166915152771e-03
1.949999999999999956e+00 -4.341192392769728102e-04
