0.000000000000000000e+00 2.756669919653997707e-03
3.979591836734693716e-02 2.756669785324949388e-03
7.959183673469387432e-02 2.756669648312416992e-03
1.193877551020408045e-01 2.756669506374921381e-03
1.591836734693877486e-01 2.756669362301632925e-03
1.989795918367346927e-01 2.756669212844889937e-03
2.387755102040816091e-01 2.756669056632441578e-03
2.785714285714285809e-01 2.756668900902913347e-03
3.183673469387754973e-01 2.756668741203201992e-03
3.581632653061224136e-01 2.756668567318475496e-03
3.979591836734693855e-01 2.756668395771109774e-03
4.377551020408163018e-01 2.756668209809615307e-03
4.775510204081632182e-01 2.756668028553744317e-03
5.173469387755101900e-01 2.756667852801609683e-03
5.571428571428571619e-01 2.756667645378961615e-03
5.969387755102040227e-01 2.756667424805817231e-03
6.367346938775509946e-01 2.756667222695322658e-03
6.765306122448979664e-01 2.756666997600792403e-03
7.163265306122448273e-01 2.756666774090918166e-03
7.561224489795917991e-01 2.756666556802191657e-03
7.959183673469387710e-01 2.756666295899953909e-03
8.357142857142856318e-01 2.756666037849693496e-03
8.755102040816326037e-01 2.756665755212038028e-03
9.153061224489795755e-01 2.756665493116014325e-03
9.551020408163264364e-01 2.756665205789348826e-03
9.948979591836734082e-01 2.756664922944277677e-03
1.034693877551020380e+00 2.756664626227773012e-03
1.074489795918367241e+00 2.756664305752090562e-03
1.114285714285714324e+00 2.756663975434780166e-03
1.154081632653061185e+00 2.756663603487921870e-03
1.193877551020408045e+00 2.756663159828384377e-03
1.233673469387755128e+00 2.756662735920271771e-03
1.273469387755101989e+00 2.756662267645290480e-03
1.313265306122448850e+00 2.756661542453406940e-03
1.353061224489795933e+00 2.756660561922503506e-03
1.392857142857142794e+00 2.756658844570817300e-03
1.432653061224489655e+00 2.756655422817795749e-03
1.472448979591836737e+00 2.756648185892886585e-03
1.512244897959183598e+00 2.756631395802651777e-03
1.552040816326530459e+00 2.756589944598227589e-03
1.591836734693877542e+00 2.756479444614689297e-03
1.631632653061224403e+00 2.756155830025016750e-03
1.671428571428571264e+00 2.755101512922619560e-03
1.711224489795918347e+00 2.751301140254352670e-03
1.751020408163265207e+00 2.736583435153455268e-03
1.790816326530612068e+00 2.679453110415889582e-03
1.830612244897959151e+00 2.488813589036928484e-03
1.870408163265306012e+00 2.018799665729264191e-03
1.910204081632652873e+00 1.045485675006468333e-03
1.949999999999999956e+00 -9.917245765235314231e-04
