0.000000000000000000e+00 2.968079485726140502e-03
3.979591836734693716e-02 2.968079345060681620e-03
7.959183673469387432e-02 2.968079200446047984e-03
1.193877551020408045e-01 2.968079052759333564e-03
1.591836734693877486e-01 2.968078898729579768e-03
1.989795918367346927e-01 2.968078741979966913e-03
2.387755102040816091e-01 2.968078583925711899e-03
2.785714285714285809e-01 2.968078408103618036e-03
3.183673469387754973e-01 2.968078246355673570e-03
3.581632653061224136e-01 2.968078071623968337e-03
3.979591836734693855e-01 2.968077879932402071e-03
4.377551020408163018e-01 2.968077686926274498e-03
4.775510204081632182e-01 2.968077501381490534e-03
5.173469387755101900e-01 2.968077303518514530e-03
5.571428571428571619e-01 2.968077071823142874e-03
5.969387755102040227e-01 2.968076883889439986e-03
6.367346938775509946e-01 2.968076642854651503e-03
6.765306122448979664e-01 2.968076430298647456e-03
7.163265306122448273e-01 2.968076161909443365e-03
7.561224489795917991e-01 2.968075936294481323e-03
7.959183673469387710e-01 2.968075666805734467e-03
8.357142857142856318e-01 2.968075367833441797e-03
8.755102040816326037e-01 2.968075146621025791e-03
9.153061224489795755e-01 2.968074824337865562e-03
9.551020408163264364e-01 2.968074542083561432e-03
9.948979591836734082e-01 2.968074235103167636e-03
1.034693877551020380e+00 2.968073906740928761e-03
1.074489795918367241e+00 2.968073569534213953e-03
1.114285714285714324e+00 2.968073144155663427e-03
1.154081632653061185e+00 2.968072811443786714e-03
1.193877551020408045e+00 2.968072373454757121e-03
1.233673469387755128e+00 2.968071903434354314e-03
1.273469387755101989e+00 2.968071376762687098e-03
1.313265306122448850e+00 2.968070734941664988e-03
1.353061224489795933e+00 2.968069609975626695e-03
1.392857142857142794e+00 2.968067850516934673e-03
1.432653061224489655e+00 2.968064474025628070e-03
1.472448979591836737e+00 2.968057210269012345e-03
1.512244897959183598e+00 2.968040361748055470e-03
1.552040816326530459e+00 2.967998812610081125e-03
1.591836734693877542e+00 2.967888335852660476e-03
1.631632653061224403e+00 2.967564575829980712e-03
1.671428571428571264e+00 2.966510348856504775e-03
1.711224489795918347e+00 2.962709827530561439e-03
1.751020408163265207e+00 2.947991967817897071e-03
1.790816326530612068e+00 2.890861535321142227e-03
1.830612244897959151e+00 2.700222915424421982e-03
1.870408163265306012e+00 2.230209110625912435e-03
1.910204081632652873e+00 1.256895191544037853e-03
1.949999999999999956e+00 -7.803156007906900506e-04
