0.000000000000000000e+00 4.905430878588970360e-03
3.979591836734693716e-02 4.905430851346237117e-03
7.959183673469387432e-02 4.905430823133418751e-03
1.193877551020408045e-01 4.905430791310881958e-03
1.591836734693877486e-01 4.905430760882767936e-03
1.989795918367346927e-01 4.905430729386092009e-03
2.387755102040816091e-01 4.905430689785395156e-03
2.785714285714285809e-01 4.905430655748251392e-03
3.183673469387754973e-01 4.905430619636906575e-03
3.581632653061224136e-01 4.905430576779280273e-03
3.979591836734693855e-01 4.905430535493829521e-03
4.377551020408163018e-01 4.905430490076389746e-03
4.775510204081632182e-01 4.905430428520862578e-03
5.173469387755101900e-01 4.905430381060972393e-03
5.571428571428571619e-01 4.905430328827496168e-03
5.969387755102040227e-01 4.905430285377102712e-03
6.367346938775509946e-01 4.905430216270802168e-03
6.765306122448979664e-01 4.905430147464763177e-03
7.163265306122448273e-01 4.905430079709356857e-03
7.561224489795917991e-01 4.905429979119276321e-03
7.959183673469387710e-01 4.905429940668113060e-03
8.357142857142856318e-01 4.905429856449024760e-03
8.755102040816326037e-01 4.905429756810649085e-03
9.153061224489795755e-01 4.905429597647438696e-03
9.551020408163264364e-01 4.905429570087473969e-03
9.948979591836734082e-01 4.905429467875086977e-03
1.034693877551020380e+00 4.905429338238750589e-03
1.074489795918367241e+00 4.905429139006629337e-03
1.114285714285714324e+00 4.905429015875768795e-03
1.154081632653061185e+00 4.905428836507242686e-03
1.193877551020408045e+00 4.905428624485366935e-03
1.233673469387755128e+00 4.905428393494054920e-03
1.273469387755101989e+00 4.905428096684405145e-03
1.313265306122448850e+00 4.905427608842327647e-03
1.353061224489795933e+00 4.905426823788997144e-03
1.392857142857142794e+00 4.905425340204155361e-03
1.432653061224489655e+00 4.905422163378694682e-03
1.472448979591836737e+00 4.905415128277936659e-03
1.512244897959183598e+00 4.905398581282465788e-03
1.552040816326530459e+00 4.905357283404763145e-03
1.591836734693877542e+00 4.905246957246789039e-03
1.631632653061224403e+00 4.904923538703876047e-03
1.671428571428571264e+00 4.903869324626477545e-03
1.711224489795918347e+00 4.900068910380302005e-03
1.751020408163265207e+00 4.885350485270966749e-03
1.790816326530612068e+00 4.828217494573731894e-03
1.830612244897959151e+00 4.637633835769347339e-03
1.870408163265306012e+00 4.167616999146981152e-03
1.910204081632652873e+00 3.194312709395199634e-03
1.949999999999999956e+00 1.157112856467815360e-03
