0.000000000000000000e+00 3.560517434149898346e-03
3.979591836734693716e-02 3.560517280042478378e-03
7.959183673469387432e-02 3.560517122763055386e-03
1.193877551020408045e-01 3.560516960189231625e-03
1.591836734693877486e-01 3.560516792100632596e-03
1.989795918367346927e-01 3.560516619283209463e-03
2.387755102040816091e-01 3.560516441406824835e-03
2.785714285714285809e-01 3.560516260586675183e-03
3.183673469387754973e-01 3.560516063309151439e-03
3.581632653061224136e-01 3.560515875492684199e-03
3.979591836734693855e-01 3.560515661998634070e-03
4.377551020408163018e-01 3.560515468735993370e-03
4.775510204081632182e-01 3.560515243032198306e-03
5.173469387755101900e-01 3.560515015701380941e-03
5.571428571428571619e-01 3.560514786696960046e-03
5.969387755102040227e-01 3.560514553758752261e-03
6.367346938775509946e-01 3.560514312711277746e-03
6.765306122448979664e-01 3.560514028738010536e-03
7.163265306122448273e-01 3.560513784314955823e-03
7.561224489795917991e-01 3.560513507750379895e-03
7.959183673469387710e-01 3.560513206980406731e-03
8.357142857142856318e-01 3.560512919253795532e-03
8.755102040816326037e-01 3.560512620645528512e-03
9.153061224489795755e-01 3.560512280097850781e-03
9.551020408163264364e-01 3.560511965268521074e-03
9.948979591836734082e-01 3.560511594511213841e-03
1.034693877551020380e+00 3.560511226311648385e-03
1.074489795918367241e+00 3.560510848725631679e-03
1.114285714285714324e+00 3.560510390680328603e-03
1.154081632653061185e+00 3.560509990868542494e-03
1.193877551020408045e+00 3.560509505399105708e-03
1.233673469387755128e+00 3.560508998752594072e-03
1.273469387755101989e+00 3.560508370949049678e-03
1.313265306122448850e+00 3.560507632252823962e-03
1.353061224489795933e+00 3.560506559518404005e-03
1.392857142857142794e+00 3.560504711585106303e-03
1.432653061224489655e+00 3.560501181208928275e-03
1.472448979591836737e+00 3.560493855099160828e-03
1.512244897959183598e+00 3.560476900169836159e-03
1.552040816326530459e+00 3.560435248398236691e-03
1.591836734693877542e+00 3.560324621396271372e-03
1.631632653061224403e+00 3.560000771498299070e-03
1.671428571428571264e+00 3.558946337545425536e-03
1.711224489795918347e+00 3.555145607507414172e-03
1.751020408163265207e+00 3.540427574681511216e-03
1.790816326530612068e+00 3.483296738804294527e-03
1.830612244897959151e+00 3.292661908350020313e-03
1.870408163265306012e+00 2.822648161058187270e-03
1.910204081632652873e+00 1.849335106815061048e-03
1.949999999999999956e+00 -1.878745925431659389e-04
