0.000000000000000000e+00 2.895995777010902834e-03
3.979591836734693716e-02 2.895995638604985899e-03
7.959183673469387432e-02 2.895995496749435589e-03
1.193877551020408045e-01 2.895995351361998257e-03
1.591836734693877486e-01 2.895995199142839104e-03
1.989795918367346927e-01 2.895995045325172167e-03
2.387755102040816091e-01 2.895994883058740539e-03
2.785714285714285809e-01 2.895994723402399440e-03
3.183673469387754973e-01 2.895994554363800350e-03
3.581632653061224136e-01 2.895994377968338744e-03
3.979591836734693855e-01 2.895994198743195771e-03
4.377551020408163018e-01 2.895994015681786857e-03
4.775510204081632182e-01 2.895993830659377138e-03
5.173469387755101900e-01 2.895993624996177560e-03
5.571428571428571619e-01 2.895993428726993928e-03
5.969387755102040227e-01 2.895993198586559875e-03
6.367346938775509946e-01 2.895992989667926180e-03
6.765306122448979664e-01 2.895992768426555036e-03
7.163265306122448273e-01 2.895992538718872040e-03
7.561224489795917991e-01 2.895992279306334582e-03
7.959183673469387710e-01 2.895992039211094885e-03
8.357142857142856318e-01 2.895991730133390483e-03
8.755102040816326037e-01 2.895991479558420421e-03
9.153061224489795755e-01 2.895991220234507817e-03
9.551020408163264364e-01 2.895990906017056280e-03
9.948979591836734082e-01 2.895990590433829628e-03
1.034693877551020380e+00 2.895990292532417756e-03
1.074489795918367241e+00 2.895989940579766272e-03
1.114285714285714324e+00 2.895989574072309510e-03
1.154081632653061185e+00 2.895989208087187093e-03
1.193877551020408045e+00 2.895988773972735242e-03
1.233673469387755128e+00 2.895988351632664774e-03
1.273469387755101989e+00 2.895987778001112359e-03
1.313265306122448850e+00 2.895987132288980592e-03
1.353061224489795933e+00 2.895986087969578369e-03
1.392857142857142794e+00 2.895984381703638633e-03
1.432653061224489655e+00 2.895980975842851659e-03
1.472448979591836737e+00 2.895973653094762769e-03
1.512244897959183598e+00 2.895956860218566829e-03
1.552040816326530459e+00 2.895915352344619834e-03
1.591836734693877542e+00 2.895804853473395776e-03
1.631632653061224403e+00 2.895481140853523386e-03
1.671428571428571264e+00 2.894426831908211879e-03
1.711224489795918347e+00 2.890626398985104810e-03
1.751020408163265207e+00 2.875908639690337529e-03
1.790816326530612068e+00 2.818778285872190151e-03
1.830612244897959151e+00 2.628139392963840543e-03
1.870408163265306012e+00 2.158125359791894949e-03
1.910204081632652873e+00 1.184811398856108755e-03
1.949999999999999956e+00 -8.523987645146826600e-04
