0.000000000000000000e+00 4.355789356875174045e-03
3.979591836734693716e-02 4.355789208312888308e-03
7.959183673469387432e-02 4.355789055794464203e-03
1.193877551020408045e-01 4.355788896765153649e-03
1.591836734693877486e-01 4.355788734610710998e-03
1.989795918367346927e-01 4.355788567950898311e-03
2.387755102040816091e-01 4.355788395884348935e-03
2.785714285714285809e-01 4.355788217599116004e-03
3.183673469387754973e-01 4.355788027676467215e-03
3.581632653061224136e-01 4.355787839240119093e-03
3.979591836734693855e-01 4.355787637950273190e-03
4.377551020408163018e-01 4.355787432280711947e-03
4.775510204081632182e-01 4.355787205879412330e-03
5.173469387755101900e-01 4.355786993031599171e-03
5.571428571428571619e-01 4.355786769915668925e-03
5.969387755102040227e-01 4.355786516012825731e-03
6.367346938775509946e-01 4.355786279180847223e-03
6.765306122448979664e-01 4.355786010076779201e-03
7.163265306122448273e-01 4.355785763610541157e-03
7.561224489795917991e-01 4.355785460862613735e-03
7.959183673469387710e-01 4.355785177932344245e-03
8.357142857142856318e-01 4.355784873533710341e-03
8.755102040816326037e-01 4.355784567356311802e-03
9.153061224489795755e-01 4.355784250025117495e-03
9.551020408163264364e-01 4.355783880357174537e-03
9.948979591836734082e-01 4.355783479003826411e-03
1.034693877551020380e+00 4.355783126401419070e-03
1.074489795918367241e+00 4.355782696036653544e-03
1.114285714285714324e+00 4.355782311193723451e-03
1.154081632653061185e+00 4.355781850074623950e-03
1.193877551020408045e+00 4.355781368568345524e-03
1.233673469387755128e+00 4.355780815231627065e-03
1.273469387755101989e+00 4.355780118660598776e-03
1.313265306122448850e+00 4.355779392568074129e-03
1.353061224489795933e+00 4.355778230199795244e-03
1.392857142857142794e+00 4.355776343331248419e-03
1.432653061224489655e+00 4.355772798598879676e-03
1.472448979591836737e+00 4.355765334683595232e-03
1.512244897959183598e+00 4.355748379701269123e-03
1.552040816326530459e+00 4.355706713344032269e-03
1.591836734693877542e+00 4.355595862541094404e-03
1.631632653061224403e+00 4.355271969548549053e-03
1.671428571428571264e+00 4.354217327179012685e-03
1.711224489795918347e+00 4.350416511776656822e-03
1.751020408163265207e+00 4.335698017120304983e-03
1.790816326530612068e+00 4.278566630072693812e-03
1.830612244897959151e+00 4.087942612495653813e-03
1.870408163265306012e+00 3.617928736929322542e-03
1.910204081632652873e+00 2.644617815709585096e-03
1.949999999999999956e+00 6.074099823202506934e-04
