0.000000000000000000e+00 4.905687067450520585e-03
3.979591836734693716e-02 4.905687040081342480e-03
7.959183673469387432e-02 4.905687011568268634e-03
1.193877551020408045e-01 4.905686982480784476e-03
1.591836734693877486e-01 4.905686949986063153e-03
1.989795918367346927e-01 4.905686915764262412e-03
2.387755102040816091e-01 4.905686879730523919e-03
2.785714285714285809e-01 4.905686843463598693e-03
3.183673469387754973e-01 4.905686800054385836e-03
3.581632653061224136e-01 4.905686763290037326e-03
3.979591836734693855e-01 4.905686717338050319e-03
4.377551020408163018e-01 4.905686665741019852e-03
4.775510204081632182e-01 4.905686618682144826e-03
5.173469387755101900e-01 4.905686576534883450e-03
5.571428571428571619e-01 4.905686520923302138e-03
5.969387755102040227e-01 4.905686461813539914e-03
6.367346938775509946e-01 4.905686387467222617e-03
6.765306122448979664e-01 4.905686335117936253e-03
7.163265306122448273e-01 4.905686266554650996e-03
7.561224489795917991e-01 4.905686191418136798e-03
7.959183673469387710e-01 4.905686098350304711e-03
8.357142857142856318e-01 4.905685998893501674e-03
8.755102040816326037e-01 4.905685945433202119e-03
9.153061224489795755e-01 4.905685804839325301e-03
9.551020408163264364e-01 4.905685675851294107e-03
9.948979591836734082e-01 4.905685562496559654e-03
1.034693877551020380e+00 4.905685462737570390e-03
1.074489795918367241e+00 4.905685314578290407e-03
1.114285714285714324e+00 4.905685197012242364e-03
1.154081632653061185e+00 4.905685014290337050e-03
1.193877551020408045e+00 4.905684809208449813e-03
1.233673469387755128e+00 4.905684574291755209e-03
1.273469387755101989e+00 4.905684305293690935e-03
1.313265306122448850e+00 4.905683809433871584e-03
1.353061224489795933e+00 4.905683019370339626e-03
1.392857142857142794e+00 4.905681558389529337e-03
1.432653061224489655e+00 4.905678318856932299e-03
1.472448979591836737e+00 4.905671289366450409e-03
1.512244897959183598e+00 4.905654704572499046e-03
1.552040816326530459e+00 4.905613466855276300e-03
1.591836734693877542e+00 4.905503139800659190e-03
1.631632653061224403e+00 4.905179680385378209e-03
1.671428571428571264e+00 4.904125574726389374e-03
1.711224489795918347e+00 4.900325028845138597e-03
1.751020408163265207e+00 4.885606618096442755e-03
1.790816326530612068e+00 4.828473736651473121e-03
1.830612244897959151e+00 4.637890055706628094e-03
1.870408163265306012e+00 4.167873318720287032e-03
1.910204081632652873e+00 3.194568719986223045e-03
1.949999999999999956e+00 1.157369236431612025e-03
