0.000000000000000000e+00 4.874544191105821891e-03
3.979591836734693716e-02 4.874544110699340939e-03
7.959183673469387432e-02 4.874544027539728930e-03
1.193877551020408045e-01 4.874543942148000519e-03
1.591836734693877486e-01 4.874543851102633961e-03
1.989795918367346927e-01 4.874543758800819332e-03
2.387755102040816091e-01 4.874543659159132070e-03
2.785714285714285809e-01 4.874543553338571422e-03
3.183673469387754973e-01 4.874543449996453573e-03
3.581632653061224136e-01 4.874543339520961104e-03
3.979591836734693855e-01 4.874543221482543522e-03
4.377551020408163018e-01 4.874543095575657042e-03
4.775510204081632182e-01 4.874542983129429366e-03
5.173469387755101900e-01 4.874542843353280377e-03
5.571428571428571619e-01 4.874542707705887754e-03
5.969387755102040227e-01 4.874542559641233466e-03
6.367346938775509946e-01 4.874542404969148431e-03
6.765306122448979664e-01 4.874542267941990581e-03
7.163265306122448273e-01 4.874542092702841868e-03
7.561224489795917991e-01 4.874541902806592102e-03
7.959183673469387710e-01 4.874541723533252872e-03
8.357142857142856318e-01 4.874541550383323582e-03
8.755102040816326037e-01 4.874541310265745851e-03
9.153061224489795755e-01 4.874541084523580439e-03
9.551020408163264364e-01 4.874540836796796041e-03
9.948979591836734082e-01 4.874540617393944252e-03
1.034693877551020380e+00 4.874540376672231723e-03
1.074489795918367241e+00 4.874540064223599652e-03
1.114285714285714324e+00 4.874539754335503565e-03
1.154081632653061185e+00 4.874539479278369378e-03
1.193877551020408045e+00 4.874539096851466732e-03
1.233673469387755128e+00 4.874538723576202735e-03
1.273469387755101989e+00 4.874538233385114494e-03
1.313265306122448850e+00 4.874537594110801321e-03
1.353061224489795933e+00 4.874536568032787100e-03
1.392857142857142794e+00 4.874534833467626324e-03
1.432653061224489655e+00 4.874531502343986376e-03
1.472448979591836737e+00 4.874524207536178218e-03
1.512244897959183598e+00 4.874507357273412389e-03
1.552040816326530459e+00 4.874465835128710678e-03
1.591836734693877542e+00 4.874355186519378422e-03
1.631632653061224403e+00 4.874031462864740483e-03
1.671428571428571264e+00 4.872977009853708685e-03
1.711224489795918347e+00 4.869176235831613152e-03
1.751020408163265207e+00 4.854457615720880054e-03
1.790816326530612068e+00 4.797325121923511938e-03
1.830612244897959151e+00 4.606726016107399492e-03
1.870408163265306012e+00 4.136710514696974317e-03
1.910204081632652873e+00 3.163403575310745185e-03
1.949999999999999956e+00 1.126201438237269458e-03
