0.000000000000000000e+00 2.853640048338009112e-03
3.979591836734693716e-02 2.853639911194502925e-03
7.959183673469387432e-02 2.853639770541438209e-03
1.193877551020408045e-01 2.853639626150244329e-03
1.591836734693877486e-01 2.853639475961402498e-03
1.989795918367346927e-01 2.853639322864763832e-03
2.387755102040816091e-01 2.853639164196768857e-03
2.785714285714285809e-01 2.853639005893827355e-03
3.183673469387754973e-01 2.853638832065638533e-03
3.581632653061224136e-01 2.853638662266921779e-03
3.979591836734693855e-01 2.853638484029598875e-03
4.377551020408163018e-01 2.853638302315076973e-03
4.775510204081632182e-01 2.853638106128727689e-03
5.173469387755101900e-01 2.853637905584151951e-03
5.571428571428571619e-01 2.853637706099935913e-03
5.969387755102040227e-01 2.853637520340896686e-03
6.367346938775509946e-01 2.853637284308258373e-03
6.765306122448979664e-01 2.853637064986037832e-03
7.163265306122448273e-01 2.853636832402656458e-03
7.561224489795917991e-01 2.853636577799869255e-03
7.959183673469387710e-01 2.853636336481993850e-03
8.357142857142856318e-01 2.853636043436169265e-03
8.755102040816326037e-01 2.853635815823568622e-03
9.153061224489795755e-01 2.853635541607529857e-03
9.551020408163264364e-01 2.853635201061916447e-03
9.948979591836734082e-01 2.853634919398729750e-03
1.034693877551020380e+00 2.853634561396289990e-03
1.074489795918367241e+00 2.853634280468737936e-03
1.114285714285714324e+00 2.853633943228860853e-03
1.154081632653061185e+00 2.853633546796627025e-03
1.193877551020408045e+00 2.853633170908266223e-03
1.233673469387755128e+00 2.853632702023999740e-03
1.273469387755101989e+00 2.853632139684266801e-03
1.313265306122448850e+00 2.853631515401351508e-03
1.353061224489795933e+00 2.853630441034714187e-03
1.392857142857142794e+00 2.853628716116201041e-03
1.432653061224489655e+00 2.853625324727561072e-03
1.472448979591836737e+00 2.853618096786644277e-03
1.512244897959183598e+00 2.853601273176917166e-03
1.552040816326530459e+00 2.853559793120511844e-03
1.591836734693877542e+00 2.853449272032610069e-03
1.631632653061224403e+00 2.853125580745561208e-03
1.671428571428571264e+00 2.852071266747208816e-03
1.711224489795918347e+00 2.848270942315785700e-03
1.751020408163265207e+00 2.833553089754598658e-03
1.790816326530612068e+00 2.776422824396517375e-03
1.830612244897959151e+00 2.585783568321249788e-03
1.870408163265306012e+00 2.115769661908625549e-03
1.910204081632652873e+00 1.142455552741379046e-03
1.949999999999999956e+00 -8.947548941232187072e-04
