0.000000000000000000e+00 3.653238450944453711e-03
3.979591836734693716e-02 3.653238295925584009e-03
7.959183673469387432e-02 3.653238136153659152e-03
1.193877551020408045e-01 3.653237972412306644e-03
1.591836734693877486e-01 3.653237804506139375e-03
1.989795918367346927e-01 3.653237629289793169e-03
2.387755102040816091e-01 3.653237445757561222e-03
2.785714285714285809e-01 3.653237266410657574e-03
3.183673469387754973e-01 3.653237070373318001e-03
3.581632653061224136e-01 3.653236869215540934e-03
3.979591836734693855e-01 3.653236670079789208e-03
4.377551020408163018e-01 3.653236458761797457e-03
4.775510204081632182e-01 3.653236241802118936e-03
5.173469387755101900e-01 3.653236018874664228e-03
5.571428571428571619e-01 3.653235770782395711e-03
5.969387755102040227e-01 3.653235533803334770e-03
6.367346938775509946e-01 3.653235304020517864e-03
6.765306122448979664e-01 3.653235030098385926e-03
7.163265306122448273e-01 3.653234752342058439e-03
7.561224489795917991e-01 3.653234486421171132e-03
7.959183673469387710e-01 3.653234188203196512e-03
8.357142857142856318e-01 3.653233914341370934e-03
8.755102040816326037e-01 3.653233570868364821e-03
9.153061224489795755e-01 3.653233265536810943e-03
9.551020408163264364e-01 3.653232899375433249e-03
9.948979591836734082e-01 3.653232542766644310e-03
1.034693877551020380e+00 3.653232168757006813e-03
1.074489795918367241e+00 3.653231797876049791e-03
1.114285714285714324e+00 3.653231356800348221e-03
1.154081632653061185e+00 3.653230934478566509e-03
1.193877551020408045e+00 3.653230460824605837e-03
1.233673469387755128e+00 3.653229952681698745e-03
1.273469387755101989e+00 3.653229317301009711e-03
1.313265306122448850e+00 3.653228505396685991e-03
1.353061224489795933e+00 3.653227466573782858e-03
1.392857142857142794e+00 3.653225624126708176e-03
1.432653061224489655e+00 3.653222053735324590e-03
1.472448979591836737e+00 3.653214691408862569e-03
1.512244897959183598e+00 3.653197769811509198e-03
1.552040816326530459e+00 3.653156089755070848e-03
1.591836734693877542e+00 3.653045410117107105e-03
1.631632653061224403e+00 3.652721599448982906e-03
1.671428571428571264e+00 3.651667125862317464e-03
1.711224489795918347e+00 3.647866372028520012e-03
1.751020408163265207e+00 3.633148174488055188e-03
1.790816326530612068e+00 3.576017385528876529e-03
1.830612244897959151e+00 3.385383220865919359e-03
1.870408163265306012e+00 2.915369633731009630e-03
1.910204081632652873e+00 1.942056700043235567e-03
1.949999999999999956e+00 -9.515307030940600426e-05
