0.000000000000000000e+00 3.478045896561504646e-03
3.979591836734693716e-02 3.478045743983377864e-03
7.959183673469387432e-02 3.478045586829594388e-03
1.193877551020408045e-01 3.478045426107316453e-03
1.591836734693877486e-01 3.478045259389273003e-03
1.989795918367346927e-01 3.478045088447285441e-03
2.387755102040816091e-01 3.478044910181945885e-03
2.785714285714285809e-01 3.478044730586079061e-03
3.183673469387754973e-01 3.478044542162509346e-03
3.581632653061224136e-01 3.478044346327743407e-03
3.979591836734693855e-01 3.478044144919344768e-03
4.377551020408163018e-01 3.478043951926663904e-03
4.775510204081632182e-01 3.478043723653582043e-03
5.173469387755101900e-01 3.478043499021758918e-03
5.571428571428571619e-01 3.478043288781679666e-03
5.969387755102040227e-01 3.478043033788631722e-03
6.367346938775509946e-01 3.478042797105499861e-03
6.765306122448979664e-01 3.478042538016326568e-03
7.163265306122448273e-01 3.478042261918552584e-03
7.561224489795917991e-01 3.478041993932210266e-03
7.959183673469387710e-01 3.478041707611896453e-03
8.357142857142856318e-01 3.478041396897057613e-03
8.755102040816326037e-01 3.478041124901784954e-03
9.153061224489795755e-01 3.478040822775329156e-03
9.551020408163264364e-01 3.478040424588036122e-03
9.948979591836734082e-01 3.478040099365555665e-03
1.034693877551020380e+00 3.478039704696663913e-03
1.074489795918367241e+00 3.478039381642606450e-03
1.114285714285714324e+00 3.478038939072683033e-03
1.154081632653061185e+00 3.478038562049767541e-03
1.193877551020408045e+00 3.478038045138911408e-03
1.233673469387755128e+00 3.478037560128058314e-03
1.273469387755101989e+00 3.478036999579672828e-03
1.313265306122448850e+00 3.478036237867119119e-03
1.353061224489795933e+00 3.478035103720942406e-03
1.392857142857142794e+00 3.478033242384076951e-03
1.432653061224489655e+00 3.478029836295628337e-03
1.472448979591836737e+00 3.478022439466777523e-03
1.512244897959183598e+00 3.478005488889878826e-03
1.552040816326530459e+00 3.477963906099842441e-03
1.591836734693877542e+00 3.477853271358125574e-03
1.631632653061224403e+00 3.477529472897746173e-03
1.671428571428571264e+00 3.476475048015572125e-03
1.711224489795918347e+00 3.472674356608874621e-03
1.751020408163265207e+00 3.457956283970192723e-03
1.790816326530612068e+00 3.400825668241041610e-03
1.830612244897959151e+00 3.210190015504587983e-03
1.870408163265306012e+00 2.740176295748162488e-03
1.910204081632652873e+00 1.766863050239426795e-03
1.949999999999999956e+00 -2.703470968925306660e-04
