0.000000000000000000e+00 2.748517748467259325e-03
3.979591836734693716e-02 2.748517614886578520e-03
7.959183673469387432e-02 2.748517477331733835e-03
1.193877551020408045e-01 2.748517336306910072e-03
1.591836734693877486e-01 2.748517190488799448e-03
1.989795918367346927e-01 2.748517043130364532e-03
2.387755102040816091e-01 2.748516886406480227e-03
2.785714285714285809e-01 2.748516731010834224e-03
3.183673469387754973e-01 2.748516566888080208e-03
3.581632653061224136e-01 2.748516403187581305e-03
3.979591836734693855e-01 2.748516229213567291e-03
4.377551020408163018e-01 2.748516040404888530e-03
4.775510204081632182e-01 2.748515851709972500e-03
5.173469387755101900e-01 2.748515670469942572e-03
5.571428571428571619e-01 2.748515462034086757e-03
5.969387755102040227e-01 2.748515272116579689e-03
6.367346938775509946e-01 2.748515053913745849e-03
6.765306122448979664e-01 2.748514855528070774e-03
7.163265306122448273e-01 2.748514617429004703e-03
7.561224489795917991e-01 2.748514390425947293e-03
7.959183673469387710e-01 2.748514119820266634e-03
8.357142857142856318e-01 2.748513869745835420e-03
8.755102040816326037e-01 2.748513625248468189e-03
9.153061224489795755e-01 2.748513342461082667e-03
9.551020408163264364e-01 2.748513079431230861e-03
9.948979591836734082e-01 2.748512777047652181e-03
1.034693877551020380e+00 2.748512426088592191e-03
1.074489795918367241e+00 2.748512182951807180e-03
1.114285714285714324e+00 2.748511794580826839e-03
1.154081632653061185e+00 2.748511460826578642e-03
1.193877551020408045e+00 2.748511057397225350e-03
1.233673469387755128e+00 2.748510594173339452e-03
1.273469387755101989e+00 2.748510069326503755e-03
1.313265306122448850e+00 2.748509377534759639e-03
1.353061224489795933e+00 2.748508399929453470e-03
1.392857142857142794e+00 2.748506663009241645e-03
1.432653061224489655e+00 2.748503326355114171e-03
1.472448979591836737e+00 2.748496040171476834e-03
1.512244897959183598e+00 2.748479222910021023e-03
1.552040816326530459e+00 2.748437828719542918e-03
1.591836734693877542e+00 2.748327292146795966e-03
1.631632653061224403e+00 2.748003667704227576e-03
1.671428571428571264e+00 2.746949359282048822e-03
1.711224489795918347e+00 2.743148966109560348e-03
1.751020408163265207e+00 2.728431335801742661e-03
1.790816326530612068e+00 2.671301018278560580e-03
1.830612244897959151e+00 2.480661538148408105e-03
1.870408163265306012e+00 2.010647514205931696e-03
1.910204081632652873e+00 1.037333347676903418e-03
1.949999999999999956e+00 -9.998770642249599130e-04
