0.000000000000000000e+00 4.910732052064275752e-03
3.979591836734693716e-02 4.910732015249109385e-03
7.959183673469387432e-02 4.910731976627673474e-03
1.193877551020408045e-01 4.910731935804276728e-03
1.591836734693877486e-01 4.910731892648238957e-03
1.989795918367346927e-01 4.910731849624912736e-03
2.387755102040816091e-01 4.910731800900158470e-03
2.785714285714285809e-01 4.910731751654439856e-03
3.183673469387754973e-01 4.910731699184804448e-03
3.581632653061224136e-01 4.910731644287419199e-03
3.979591836734693855e-01 4.910731587521632684e-03
4.377551020408163018e-01 4.910731527642525802e-03
4.775510204081632182e-01 4.910731472817392654e-03
5.173469387755101900e-01 4.910731391679962546e-03
5.571428571428571619e-01 4.910731335931888854e-03
5.969387755102040227e-01 4.910731231141651602e-03
6.367346938775509946e-01 4.910731173946161071e-03
6.765306122448979664e-01 4.910731088961175876e-03
7.163265306122448273e-01 4.910731003391588870e-03
7.561224489795917991e-01 4.910730878887193361e-03
7.959183673469387710e-01 4.910730796162482599e-03
8.357142857142856318e-01 4.910730669936753945e-03
8.755102040816326037e-01 4.910730574721039292e-03
9.153061224489795755e-01 4.910730398843729180e-03
9.551020408163264364e-01 4.910730307423036983e-03
9.948979591836734082e-01 4.910730140354145276e-03
1.034693877551020380e+00 4.910730043542499770e-03
1.074489795918367241e+00 4.910729855205612018e-03
1.114285714285714324e+00 4.910729672457708403e-03
1.154081632653061185e+00 4.910729456068066087e-03
1.193877551020408045e+00 4.910729262653261949e-03
1.233673469387755128e+00 4.910728935084211072e-03
1.273469387755101989e+00 4.910728624021124325e-03
1.313265306122448850e+00 4.910728118002275107e-03
1.353061224489795933e+00 4.910727274068175420e-03
1.392857142857142794e+00 4.910725711132772793e-03
1.432653061224489655e+00 4.910722499560121745e-03
1.472448979591836737e+00 4.910715416191705623e-03
1.512244897959183598e+00 4.910698793717509052e-03
1.552040816326530459e+00 4.910657459234635258e-03
1.591836734693877542e+00 4.910547029242894046e-03
1.631632653061224403e+00 4.910223525195646539e-03
1.671428571428571264e+00 4.909169158831491915e-03
1.711224489795918347e+00 4.905368700234842561e-03
1.751020408163265207e+00 4.890650205051960513e-03
1.790816326530612068e+00 4.833517290995101995e-03
1.830612244897959151e+00 4.642931114942126444e-03
1.870408163265306012e+00 4.172914411213808454e-03
1.910204081632652873e+00 3.199609606896352144e-03
1.949999999999999956e+00 1.162409357937933515e-03
