0.000000000000000000e+00 3.330167700929969644e-03
3.979591836734693716e-02 3.330167550910071664e-03
7.959183673469387432e-02 3.330167396606544677e-03
1.193877551020408045e-01 3.330167239446678393e-03
1.591836734693877486e-01 3.330167075794653302e-03
1.989795918367346927e-01 3.330166909599573469e-03
2.387755102040816091e-01 3.330166731170304279e-03
2.785714285714285809e-01 3.330166556635594244e-03
3.183673469387754973e-01 3.330166373845745448e-03
3.581632653061224136e-01 3.330166182573571568e-03
3.979591836734693855e-01 3.330165982108756681e-03
4.377551020408163018e-01 3.330165780791426687e-03
4.775510204081632182e-01 3.330165570081778607e-03
5.173469387755101900e-01 3.330165374051140704e-03
5.571428571428571619e-01 3.330165126785730300e-03
5.969387755102040227e-01 3.330164897726199842e-03
6.367346938775509946e-01 3.330164675432609189e-03
6.765306122448979664e-01 3.330164411573458515e-03
7.163265306122448273e-01 3.330164150362448228e-03
7.561224489795917991e-01 3.330163886355742842e-03
7.959183673469387710e-01 3.330163605716616754e-03
8.357142857142856318e-01 3.330163349491812360e-03
8.755102040816326037e-01 3.330163027362526874e-03
9.153061224489795755e-01 3.330162743232233363e-03
9.551020408163264364e-01 3.330162369314622946e-03
9.948979591836734082e-01 3.330162042588465966e-03
1.034693877551020380e+00 3.330161663442047712e-03
1.074489795918367241e+00 3.330161272885202167e-03
1.114285714285714324e+00 3.330160932070364010e-03
1.154081632653061185e+00 3.330160546286872487e-03
1.193877551020408045e+00 3.330160067038175770e-03
1.233673469387755128e+00 3.330159526279696108e-03
1.273469387755101989e+00 3.330158928468202658e-03
1.313265306122448850e+00 3.330158257971565713e-03
1.353061224489795933e+00 3.330157171165224177e-03
1.392857142857142794e+00 3.330155345282920752e-03
1.432653061224489655e+00 3.330151858174417757e-03
1.472448979591836737e+00 3.330144564176980033e-03
1.512244897959183598e+00 3.330127659215901051e-03
1.552040816326530459e+00 3.330086037284483557e-03
1.591836734693877542e+00 3.329975481322724942e-03
1.631632653061224403e+00 3.329651668791722835e-03
1.671428571428571264e+00 3.328597319217451497e-03
1.711224489795918347e+00 3.324796607165139868e-03
1.751020408163265207e+00 3.310078592565785221e-03
1.790816326530612068e+00 3.252948130294631719e-03
1.830612244897959151e+00 3.062311458779998219e-03
1.870408163265306012e+00 2.592297673739443926e-03
1.910204081632652873e+00 1.618984001497498050e-03
1.949999999999999956e+00 -4.182257504477137245e-04
