0.000000000000000000e+00 2.994117504183305047e-03
3.979591836734693716e-02 2.994117362492601606e-03
7.959183673469387432e-02 2.994117217276922281e-03
1.193877551020408045e-01 2.994117069751840287e-03
1.591836734693877486e-01 2.994116913580996669e-03
1.989795918367346927e-01 2.994116757476255556e-03
2.387755102040816091e-01 2.994116591910327835e-03
2.785714285714285809e-01 2.994116425813374803e-03
3.183673469387754973e-01 2.994116255126244141e-03
3.581632653061224136e-01 2.994116078321024804e-03
3.979591836734693855e-01 2.994115888355726538e-03
4.377551020408163018e-01 2.994115711390201839e-03
4.775510204081632182e-01 2.994115512492224324e-03
5.173469387755101900e-01 2.994115301098340589e-03
5.571428571428571619e-01 2.994115088412137738e-03
5.969387755102040227e-01 2.994114882209962612e-03
6.367346938775509946e-01 2.994114659590651172e-03
6.765306122448979664e-01 2.994114406336352563e-03
7.163265306122448273e-01 2.994114172667822291e-03
7.561224489795917991e-01 2.994113930758642104e-03
7.959183673469387710e-01 2.994113669494112995e-03
8.357142857142856318e-01 2.994113384597675391e-03
8.755102040816326037e-01 2.994113126705552370e-03
9.153061224489795755e-01 2.994112846155342570e-03
9.551020408163264364e-01 2.994112504024323742e-03
9.948979591836734082e-01 2.994112239134064275e-03
1.034693877551020380e+00 2.994111891953531255e-03
1.074489795918367241e+00 2.994111562177979337e-03
1.114285714285714324e+00 2.994111197853655155e-03
1.154081632653061185e+00 2.994110803521243813e-03
1.193877551020408045e+00 2.994110397405796119e-03
1.233673469387755128e+00 2.994109926856271427e-03
1.273469387755101989e+00 2.994109364256325196e-03
1.313265306122448850e+00 2.994108687201436046e-03
1.353061224489795933e+00 2.994107602429374373e-03
1.392857142857142794e+00 2.994105873473007409e-03
1.432653061224489655e+00 2.994102402360634615e-03
1.472448979591836737e+00 2.994095111821999580e-03
1.512244897959183598e+00 2.994078296333970660e-03
1.552040816326530459e+00 2.994036800683824631e-03
1.591836734693877542e+00 2.993926271127237033e-03
1.631632653061224403e+00 2.993602515461338265e-03
1.671428571428571264e+00 2.992548208820674117e-03
1.711224489795918347e+00 2.988747669259456379e-03
1.751020408163265207e+00 2.974029857683316291e-03
1.790816326530612068e+00 2.916899568667213720e-03
1.830612244897959151e+00 2.726260964645062061e-03
1.870408163265306012e+00 2.256247232470831067e-03
1.910204081632652873e+00 1.282933220106248972e-03
1.949999999999999956e+00 -7.542774721189695990e-04
