0.000000000000000000e+00 2.754635246232646321e-03
3.979591836734693716e-02 2.754635112077796332e-03
7.959183673469387432e-02 2.754634975008886724e-03
1.193877551020408045e-01 2.754634832967807739e-03
1.591836734693877486e-01 2.754634688649668702e-03
1.989795918367346927e-01 2.754634536902156577e-03
2.387755102040816091e-01 2.754634389264553045e-03
2.785714285714285809e-01 2.754634226352967782e-03
3.183673469387754973e-01 2.754634061975423220e-03
3.581632653061224136e-01 2.754633891945248818e-03
3.979591836734693855e-01 2.754633726974087520e-03
4.377551020408163018e-01 2.754633532979586501e-03
4.775510204081632182e-01 2.754633354679753270e-03
5.173469387755101900e-01 2.754633151686399807e-03
5.571428571428571619e-01 2.754632968925272828e-03
5.969387755102040227e-01 2.754632752847674740e-03
6.367346938775509946e-01 2.754632546993300828e-03
6.765306122448979664e-01 2.754632335075398331e-03
7.163265306122448273e-01 2.754632108854823506e-03
7.561224489795917991e-01 2.754631891535134353e-03
7.959183673469387710e-01 2.754631638954033353e-03
8.357142857142856318e-01 2.754631325094510780e-03
8.755102040816326037e-01 2.754631109706443155e-03
9.153061224489795755e-01 2.754630885265175935e-03
9.551020408163264364e-01 2.754630590087731382e-03
9.948979591836734082e-01 2.754630258995116685e-03
1.034693877551020380e+00 2.754629942604353704e-03
1.074489795918367241e+00 2.754629593021032646e-03
1.114285714285714324e+00 2.754629285069728432e-03
1.154081632653061185e+00 2.754628913661662671e-03
1.193877551020408045e+00 2.754628526728555155e-03
1.233673469387755128e+00 2.754628098555865143e-03
1.273469387755101989e+00 2.754627576576953226e-03
1.313265306122448850e+00 2.754626905745165538e-03
1.353061224489795933e+00 2.754625913777333009e-03
1.392857142857142794e+00 2.754624193948459511e-03
1.432653061224489655e+00 2.754620809703372652e-03
1.472448979591836737e+00 2.754613574598210098e-03
1.512244897959183598e+00 2.754596750817895050e-03
1.552040816326530459e+00 2.754555285335844473e-03
1.591836734693877542e+00 2.754444791546148061e-03
1.631632653061224403e+00 2.754121160378549416e-03
1.671428571428571264e+00 2.753066772657835042e-03
1.711224489795918347e+00 2.749266544623612044e-03
1.751020408163265207e+00 2.734548777544937130e-03
1.790816326530612068e+00 2.677418460226027846e-03
1.830612244897959151e+00 2.486779050276858791e-03
1.870408163265306012e+00 2.016764996219882946e-03
1.910204081632652873e+00 1.043450762178397455e-03
1.949999999999999956e+00 -9.937592528058577200e-04
