0.000000000000000000e+00 2.600889046386808349e-03
3.979591836734693716e-02 2.600888917616902586e-03
7.959183673469387432e-02 2.600888786223689002e-03
1.193877551020408045e-01 2.600888651032323088e-03
1.591836734693877486e-01 2.600888510124220628e-03
1.989795918367346927e-01 2.600888366975848999e-03
2.387755102040816091e-01 2.600888218515269665e-03
2.785714285714285809e-01 2.600888064292271144e-03
3.183673469387754973e-01 2.600887914434623152e-03
3.581632653061224136e-01 2.600887749831383260e-03
3.979591836734693855e-01 2.600887583916275218e-03
4.377551020408163018e-01 2.600887421332961219e-03
4.775510204081632182e-01 2.600887235209576719e-03
5.173469387755101900e-01 2.600887056119888761e-03
5.571428571428571619e-01 2.600886877239826089e-03
5.969387755102040227e-01 2.600886676675852674e-03
6.367346938775509946e-01 2.600886464304596243e-03
6.765306122448979664e-01 2.600886248647866356e-03
7.163265306122448273e-01 2.600886032582149822e-03
7.561224489795917991e-01 2.600885818391183643e-03
7.959183673469387710e-01 2.600885581200108269e-03
8.357142857142856318e-01 2.600885327582036412e-03
8.755102040816326037e-01 2.600885091922881462e-03
9.153061224489795755e-01 2.600884793094098129e-03
9.551020408163264364e-01 2.600884533290704053e-03
9.948979591836734082e-01 2.600884260553703534e-03
1.034693877551020380e+00 2.600884017021316136e-03
1.074489795918367241e+00 2.600883674939917338e-03
1.114285714285714324e+00 2.600883327184751528e-03
1.154081632653061185e+00 2.600882980326283365e-03
1.193877551020408045e+00 2.600882608577714805e-03
1.233673469387755128e+00 2.600882210614615699e-03
1.273469387755101989e+00 2.600881657448243615e-03
1.313265306122448850e+00 2.600881038329882437e-03
1.353061224489795933e+00 2.600880093599875105e-03
1.392857142857142794e+00 2.600878372227269451e-03
1.432653061224489655e+00 2.600875006894832250e-03
1.472448979591836737e+00 2.600867790978632181e-03
1.512244897959183598e+00 2.600851011640541773e-03
1.552040816326530459e+00 2.600809573437845319e-03
1.591836734693877542e+00 2.600699092334593683e-03
1.631632653061224403e+00 2.600375549755830525e-03
1.671428571428571264e+00 2.599321320053624585e-03
1.711224489795918347e+00 2.595520914481579903e-03
1.751020408163265207e+00 2.580803210493767385e-03
1.790816326530612068e+00 2.523673068619508662e-03
1.830612244897959151e+00 2.333033059139011378e-03
1.870408163265306012e+00 1.863018997806097869e-03
1.910204081632652873e+00 8.897048635463563346e-04
1.949999999999999956e+00 -1.147505667356866436e-03
