0.000000000000000000e+00 2.982282462059154121e-03
3.979591836734693716e-02 2.982282321026690202e-03
7.959183673469387432e-02 2.982282176018764396e-03
1.193877551020408045e-01 2.982282027922492171e-03
1.591836734693877486e-01 2.982281875978747259e-03
1.989795918367346927e-01 2.982281716484476604e-03
2.387755102040816091e-01 2.982281555083178895e-03
2.785714285714285809e-01 2.982281390797215156e-03
3.183673469387754973e-01 2.982281215084096188e-03
3.581632653061224136e-01 2.982281036653877671e-03
3.979591836734693855e-01 2.982280845427697814e-03
4.377551020408163018e-01 2.982280661325718060e-03
4.775510204081632182e-01 2.982280466498351580e-03
5.173469387755101900e-01 2.982280274216160543e-03
5.571428571428571619e-01 2.982280050586324973e-03
5.969387755102040227e-01 2.982279852676427735e-03
6.367346938775509946e-01 2.982279608818575855e-03
6.765306122448979664e-01 2.982279381378377670e-03
7.163265306122448273e-01 2.982279133302431166e-03
7.561224489795917991e-01 2.982278896825216619e-03
7.959183673469387710e-01 2.982278629905681100e-03
8.357142857142856318e-01 2.982278385373801979e-03
8.755102040816326037e-01 2.982278103146646271e-03
9.153061224489795755e-01 2.982277808055026295e-03
9.551020408163264364e-01 2.982277533166773510e-03
9.948979591836734082e-01 2.982277194483056587e-03
1.034693877551020380e+00 2.982276853877031432e-03
1.074489795918367241e+00 2.982276514816497442e-03
1.114285714285714324e+00 2.982276139135613905e-03
1.154081632653061185e+00 2.982275709575489889e-03
1.193877551020408045e+00 2.982275377755377269e-03
1.233673469387755128e+00 2.982274891075064466e-03
1.273469387755101989e+00 2.982274343577390966e-03
1.313265306122448850e+00 2.982273634251290505e-03
1.353061224489795933e+00 2.982272559435770500e-03
1.392857142857142794e+00 2.982270843267699131e-03
1.432653061224489655e+00 2.982267436539026532e-03
1.472448979591836737e+00 2.982260152736762506e-03
1.512244897959183598e+00 2.982243300690452879e-03
1.552040816326530459e+00 2.982201777638234918e-03
1.591836734693877542e+00 2.982091269822287425e-03
1.631632653061224403e+00 2.981767540598082109e-03
1.671428571428571264e+00 2.980713176983798996e-03
1.711224489795918347e+00 2.976912793918544582e-03
1.751020408163265207e+00 2.962194807933539106e-03
1.790816326530612068e+00 2.905064453863856391e-03
1.830612244897959151e+00 2.714426016150023411e-03
1.870408163265306012e+00 2.244412108521017576e-03
1.910204081632652873e+00 1.271098099947820873e-03
1.949999999999999956e+00 -7.661120751895226849e-04
