0.000000000000000000e+00 3.224939365809878500e-03
3.979591836734693716e-02 3.224939218051296221e-03
7.959183673469387432e-02 3.224939067253200422e-03
1.193877551020408045e-01 3.224938910589753450e-03
1.591836734693877486e-01 3.224938750928643162e-03
1.989795918367346927e-01 3.224938586050420542e-03
2.387755102040816091e-01 3.224938414986930346e-03
2.785714285714285809e-01 3.224938237813799579e-03
3.183673469387754973e-01 3.224938061386716133e-03
3.581632653061224136e-01 3.224937876601677734e-03
3.979591836734693855e-01 3.224937680552434922e-03
4.377551020408163018e-01 3.224937477988529602e-03
4.775510204081632182e-01 3.224937263658542250e-03
5.173469387755101900e-01 3.224937066690141459e-03
5.571428571428571619e-01 3.224936853259086078e-03
5.969387755102040227e-01 3.224936599297921480e-03
6.367346938775509946e-01 3.224936396508466981e-03
6.765306122448979664e-01 3.224936132678435808e-03
7.163265306122448273e-01 3.224935893718308948e-03
7.561224489795917991e-01 3.224935641129194393e-03
7.959183673469387710e-01 3.224935353166560621e-03
8.357142857142856318e-01 3.224935050430986598e-03
8.755102040816326037e-01 3.224934808453370268e-03
9.153061224489795755e-01 3.224934451777297911e-03
9.551020408163264364e-01 3.224934169433446487e-03
9.948979591836734082e-01 3.224933848087876975e-03
1.034693877551020380e+00 3.224933447052646344e-03
1.074489795918367241e+00 3.224933088605830712e-03
1.114285714285714324e+00 3.224932698924414236e-03
1.154081632653061185e+00 3.224932307654534459e-03
1.193877551020408045e+00 3.224931895972276731e-03
1.233673469387755128e+00 3.224931414340900891e-03
1.273469387755101989e+00 3.224930825952099234e-03
1.313265306122448850e+00 3.224930123432476030e-03
1.353061224489795933e+00 3.224928975002083580e-03
1.392857142857142794e+00 3.224927239536042305e-03
1.432653061224489655e+00 3.224923770744143620e-03
1.472448979591836737e+00 3.224916470803468240e-03
1.512244897959183598e+00 3.224899558573838046e-03
1.552040816326530459e+00 3.224857972043305900e-03
1.591836734693877542e+00 3.224747435102376034e-03
1.631632653061224403e+00 3.224423673141591212e-03
1.671428571428571264e+00 3.223369224478672430e-03
1.711224489795918347e+00 3.219568719710860262e-03
1.751020408163265207e+00 3.204850777350863340e-03
1.790816326530612068e+00 3.147720275157645485e-03
1.830612244897959151e+00 2.957082874452823286e-03
1.870408163265306012e+00 2.487069072955188937e-03
1.910204081632652873e+00 1.513755592886331918e-03
1.949999999999999956e+00 -5.234545730199237400e-04
