0.000000000000000000e+00 3.535736541065385465e-03
3.979591836734693716e-02 3.535736387229908989e-03
7.959183673469387432e-02 3.535736229226290120e-03
1.193877551020408045e-01 3.535736067550887454e-03
1.591836734693877486e-01 3.535735900442273615e-03
1.989795918367346927e-01 3.535735726308192328e-03
2.387755102040816091e-01 3.535735552316539212e-03
2.785714285714285809e-01 3.535735361724572524e-03
3.183673469387754973e-01 3.535735177086548036e-03
3.581632653061224136e-01 3.535734986374217560e-03
3.979591836734693855e-01 3.535734783622432580e-03
4.377551020408163018e-01 3.535734569509384109e-03
4.775510204081632182e-01 3.535734363098622362e-03
5.173469387755101900e-01 3.535734133508069196e-03
5.571428571428571619e-01 3.535733897328675011e-03
5.969387755102040227e-01 3.535733682903112636e-03
6.367346938775509946e-01 3.535733407551797970e-03
6.765306122448979664e-01 3.535733161008997039e-03
7.163265306122448273e-01 3.535732885181532871e-03
7.561224489795917991e-01 3.535732638311783402e-03
7.959183673469387710e-01 3.535732351594567894e-03
8.357142857142856318e-01 3.535732031484965007e-03
8.755102040816326037e-01 3.535731727588185304e-03
9.153061224489795755e-01 3.535731421574869054e-03
9.551020408163264364e-01 3.535731094762638131e-03
9.948979591836734082e-01 3.535730752039624968e-03
1.034693877551020380e+00 3.535730349915853186e-03
1.074489795918367241e+00 3.535729911923555374e-03
1.114285714285714324e+00 3.535729531107655726e-03
1.154081632653061185e+00 3.535729128437826822e-03
1.193877551020408045e+00 3.535728643288359348e-03
1.233673469387755128e+00 3.535728131226319442e-03
1.273469387755101989e+00 3.535727536120729635e-03
1.313265306122448850e+00 3.535726792634154379e-03
1.353061224489795933e+00 3.535725684422685606e-03
1.392857142857142794e+00 3.535723850482357447e-03
1.432653061224489655e+00 3.535720355555553758e-03
1.472448979591836737e+00 3.535712946656880806e-03
1.512244897959183598e+00 3.535696003054537590e-03
1.552040816326530459e+00 3.535654480903644217e-03
1.591836734693877542e+00 3.535543793784711071e-03
1.631632653061224403e+00 3.535219933083459491e-03
1.671428571428571264e+00 3.534165551658671571e-03
1.711224489795918347e+00 3.530364886334421467e-03
1.751020408163265207e+00 3.515646643632240696e-03
1.790816326530612068e+00 3.458516049477504146e-03
1.830612244897959151e+00 3.267880773331016328e-03
1.870408163265306012e+00 2.797867288845037621e-03
1.910204081632652873e+00 1.824553835047582539e-03
1.949999999999999956e+00 -2.126554857165546396e-04
