0.000000000000000000e+00 2.623645861483736314e-03
3.979591836734693716e-02 2.623645732079171126e-03
7.959183673469387432e-02 2.623645599320796086e-03
1.193877551020408045e-01 2.623645462678294519e-03
1.591836734693877486e-01 2.623645322522172568e-03
1.989795918367346927e-01 2.623645179882319947e-03
2.387755102040816091e-01 2.623645032928818496e-03
2.785714285714285809e-01 2.623644880779810260e-03
3.183673469387754973e-01 2.623644720568490355e-03
3.581632653061224136e-01 2.623644560073128563e-03
3.979591836734693855e-01 2.623644391922723071e-03
4.377551020408163018e-01 2.623644224957007078e-03
4.775510204081632182e-01 2.623644026892700803e-03
5.173469387755101900e-01 2.623643859402148559e-03
5.571428571428571619e-01 2.623643644995012417e-03
5.969387755102040227e-01 2.623643467135819765e-03
6.367346938775509946e-01 2.623643264840394562e-03
6.765306122448979664e-01 2.623643072169284159e-03
7.163265306122448273e-01 2.623642830259942643e-03
7.561224489795917991e-01 2.623642603282124591e-03
7.959183673469387710e-01 2.623642359472149778e-03
8.357142857142856318e-01 2.623642109614291416e-03
8.755102040816326037e-01 2.623641893766722865e-03
9.153061224489795755e-01 2.623641604167481142e-03
9.551020408163264364e-01 2.623641324065369498e-03
9.948979591836734082e-01 2.623641039483965483e-03
1.034693877551020380e+00 2.623640753749172452e-03
1.074489795918367241e+00 2.623640443478050723e-03
1.114285714285714324e+00 2.623640092647109602e-03
1.154081632653061185e+00 2.623639789829279329e-03
1.193877551020408045e+00 2.623639408642264650e-03
1.233673469387755128e+00 2.623638926726718553e-03
1.273469387755101989e+00 2.623638445707401727e-03
1.313265306122448850e+00 2.623637761844642338e-03
1.353061224489795933e+00 2.623636874112982454e-03
1.392857142857142794e+00 2.623635123756637780e-03
1.432653061224489655e+00 2.623631749772155353e-03
1.472448979591836737e+00 2.623624520964173458e-03
1.512244897959183598e+00 2.623607766040500153e-03
1.552040816326530459e+00 2.623566299299107119e-03
1.591836734693877542e+00 2.623455843269711235e-03
1.631632653061224403e+00 2.623132248368278876e-03
1.671428571428571264e+00 2.622078033690744547e-03
1.711224489795918347e+00 2.618277651738177766e-03
1.751020408163265207e+00 2.603560010992005472e-03
1.790816326530612068e+00 2.546429812920060921e-03
1.830612244897959151e+00 2.355789846810685435e-03
1.870408163265306012e+00 1.885775797853110093e-03
1.910204081632652873e+00 9.124616065206013656e-04
1.949999999999999956e+00 -1.124748265694787202e-03
