0.000000000000000000e+00 4.905996300276827850e-03
3.979591836734693716e-02 4.905996242496881224e-03
7.959183673469387432e-02 4.905996183110139172e-03
1.193877551020408045e-01 4.905996120078274722e-03
1.591836734693877486e-01 4.905996055176269945e-03
1.989795918367346927e-01 4.905995988199807374e-03
2.387755102040816091e-01 4.905995920220364986e-03
2.785714285714285809e-01 4.905995840394051892e-03
3.183673469387754973e-01 4.905995759820678398e-03
3.581632653061224136e-01 4.905995686941683892e-03
3.979591836734693855e-01 4.905995600407278383e-03
4.377551020408163018e-01 4.905995503380707577e-03
4.775510204081632182e-01 4.905995418450183158e-03
5.173469387755101900e-01 4.905995308499983172e-03
5.571428571428571619e-01 4.905995202957570689e-03
5.969387755102040227e-01 4.905995106812719928e-03
6.367346938775509946e-01 4.905994993233832313e-03
6.765306122448979664e-01 4.905994874104199939e-03
7.163265306122448273e-01 4.905994723234298298e-03
7.561224489795917991e-01 4.905994609478706546e-03
7.959183673469387710e-01 4.905994472739033142e-03
8.357142857142856318e-01 4.905994320720852113e-03
8.755102040816326037e-01 4.905994143102404385e-03
9.153061224489795755e-01 4.905993952804776036e-03
9.551020408163264364e-01 4.905993794370512931e-03
9.948979591836734082e-01 4.905993589168643546e-03
1.034693877551020380e+00 4.905993358969172081e-03
1.074489795918367241e+00 4.905993147373255078e-03
1.114285714285714324e+00 4.905992946176370405e-03
1.154081632653061185e+00 4.905992640417037622e-03
1.193877551020408045e+00 4.905992327016064913e-03
1.233673469387755128e+00 4.905992016076303128e-03
1.273469387755101989e+00 4.905991602816270163e-03
1.313265306122448850e+00 4.905990993231916682e-03
1.353061224489795933e+00 4.905990141026528827e-03
1.392857142857142794e+00 4.905988449246567913e-03
1.432653061224489655e+00 4.905985197337808280e-03
1.472448979591836737e+00 4.905977969573978130e-03
1.512244897959183598e+00 4.905961236862542083e-03
1.552040816326530459e+00 4.905919792179241380e-03
1.591836734693877542e+00 4.905809322865006122e-03
1.631632653061224403e+00 4.905485674231276072e-03
1.671428571428571264e+00 4.904431273230033111e-03
1.711224489795918347e+00 4.900630609127458112e-03
1.751020408163265207e+00 4.885912010174421269e-03
1.790816326530612068e+00 4.828779321082745518e-03
1.830612244897959151e+00 4.638186934348121314e-03
1.870408163265306012e+00 4.168170891929740690e-03
1.910204081632652873e+00 3.194865470828463314e-03
1.949999999999999956e+00 1.157663775051930802e-03
