0.000000000000000000e+00 3.833977313682765658e-03
3.979591836734693716e-02 3.833977157240760041e-03
7.959183673469387432e-02 3.833976996726226084e-03
1.193877551020408045e-01 3.833976830778104087e-03
1.591836734693877486e-01 3.833976659656934335e-03
1.989795918367346927e-01 3.833976482833814387e-03
2.387755102040816091e-01 3.833976302107863256e-03
2.785714285714285809e-01 3.833976114993628125e-03
3.183673469387754973e-01 3.833975916385357237e-03
3.581632653061224136e-01 3.833975723531923060e-03
3.979591836734693855e-01 3.833975512462504173e-03
4.377551020408163018e-01 3.833975298848421587e-03
4.775510204081632182e-01 3.833975097345391613e-03
5.173469387755101900e-01 3.833974849841363924e-03
5.571428571428571619e-01 3.833974615842155893e-03
5.969387755102040227e-01 3.833974365110914134e-03
6.367346938775509946e-01 3.833974119133390628e-03
6.765306122448979664e-01 3.833973857623284957e-03
7.163265306122448273e-01 3.833973571026875592e-03
7.561224489795917991e-01 3.833973282815348899e-03
7.959183673469387710e-01 3.833972977299685784e-03
8.357142857142856318e-01 3.833972674624408581e-03
8.755102040816326037e-01 3.833972344268477602e-03
9.153061224489795755e-01 3.833972025298280992e-03
9.551020408163264364e-01 3.833971681370519288e-03
9.948979591836734082e-01 3.833971287929849054e-03
1.034693877551020380e+00 3.833970923857808310e-03
1.074489795918367241e+00 3.833970554453863377e-03
1.114285714285714324e+00 3.833970080352822832e-03
1.154081632653061185e+00 3.833969654200659362e-03
1.193877551020408045e+00 3.833969189419083289e-03
1.233673469387755128e+00 3.833968668982585138e-03
1.273469387755101989e+00 3.833968018056741964e-03
1.313265306122448850e+00 3.833967243667361652e-03
1.353061224489795933e+00 3.833966083258161066e-03
1.392857142857142794e+00 3.833964263611349798e-03
1.432653061224489655e+00 3.833960747832366751e-03
1.472448979591836737e+00 3.833953310545696117e-03
1.512244897959183598e+00 3.833936353788974707e-03
1.552040816326530459e+00 3.833894715298885678e-03
1.591836734693877542e+00 3.833783998682691561e-03
1.631632653061224403e+00 3.833460081913502796e-03
1.671428571428571264e+00 3.832405542402557864e-03
1.711224489795918347e+00 3.828604757704261521e-03
1.751020408163265207e+00 3.813886554344946955e-03
1.790816326530612068e+00 3.756755731809540994e-03
1.830612244897959151e+00 3.566123397775212978e-03
1.870408163265306012e+00 3.096109750521424189e-03
1.910204081632652873e+00 2.122796936432646414e-03
1.949999999999999956e+00 8.558757949782306522e-05
