0.000000000000000000e+00 4.578370994891695946e-03
3.979591836734693716e-02 4.578370859592712991e-03
7.959183673469387432e-02 4.578370721283954448e-03
1.193877551020408045e-01 4.578370576573536320e-03
1.591836734693877486e-01 4.578370428849692746e-03
1.989795918367346927e-01 4.578370275436801848e-03
2.387755102040816091e-01 4.578370117553817384e-03
2.785714285714285809e-01 4.578369948770415199e-03
3.183673469387754973e-01 4.578369780907509332e-03
3.581632653061224136e-01 4.578369603822731067e-03
3.979591836734693855e-01 4.578369421872120239e-03
4.377551020408163018e-01 4.578369238073239610e-03
4.775510204081632182e-01 4.578369032872264474e-03
5.173469387755101900e-01 4.578368827932640175e-03
5.571428571428571619e-01 4.578368620030050067e-03
5.969387755102040227e-01 4.578368391831612490e-03
6.367346938775509946e-01 4.578368151699245374e-03
6.765306122448979664e-01 4.578367917187639927e-03
7.163265306122448273e-01 4.578367660628962846e-03
7.561224489795917991e-01 4.578367396198262419e-03
7.959183673469387710e-01 4.578367132257079274e-03
8.357142857142856318e-01 4.578366812994663290e-03
8.755102040816326037e-01 4.578366539712060146e-03
9.153061224489795755e-01 4.578366245370124772e-03
9.551020408163264364e-01 4.578365886599381623e-03
9.948979591836734082e-01 4.578365525329083224e-03
1.034693877551020380e+00 4.578365186512013338e-03
1.074489795918367241e+00 4.578364795097393872e-03
1.114285714285714324e+00 4.578364397004865312e-03
1.154081632653061185e+00 4.578363925358064704e-03
1.193877551020408045e+00 4.578363470244932627e-03
1.233673469387755128e+00 4.578362933923623215e-03
1.273469387755101989e+00 4.578362308691128098e-03
1.313265306122448850e+00 4.578361532301463734e-03
1.353061224489795933e+00 4.578360405076207021e-03
1.392857142857142794e+00 4.578358542309274130e-03
1.432653061224489655e+00 4.578355007567112833e-03
1.472448979591836737e+00 4.578347603387933340e-03
1.512244897959183598e+00 4.578330640951109275e-03
1.552040816326530459e+00 4.578288934498763764e-03
1.591836734693877542e+00 4.578178191507771035e-03
1.631632653061224403e+00 4.577854307648484937e-03
1.671428571428571264e+00 4.576799646646873519e-03
1.711224489795918347e+00 4.572998747001042613e-03
1.751020408163265207e+00 4.558280138022845381e-03
1.790816326530612068e+00 4.501148382606070045e-03
1.830612244897959151e+00 4.310530676185164202e-03
1.870408163265306012e+00 3.840516524077245558e-03
1.910204081632652873e+00 2.867206348506849429e-03
1.949999999999999956e+00 8.300001820728795682e-04
