0.000000000000000000e+00 3.159646101610854609e-03
3.979591836734693716e-02 3.159645955328173328e-03
7.959183673469387432e-02 3.159645805355489750e-03
1.193877551020408045e-01 3.159645651124598238e-03
1.591836734693877486e-01 3.159645492084642987e-03
1.989795918367346927e-01 3.159645331378809364e-03
2.387755102040816091e-01 3.159645157472311654e-03
2.785714285714285809e-01 3.159644987388733790e-03
3.183673469387754973e-01 3.159644807053644915e-03
3.581632653061224136e-01 3.159644622142584493e-03
3.979591836734693855e-01 3.159644438947895907e-03
4.377551020408163018e-01 3.159644232625965447e-03
4.775510204081632182e-01 3.159644039529959248e-03
5.173469387755101900e-01 3.159643818863803761e-03
5.571428571428571619e-01 3.159643616261555849e-03
5.969387755102040227e-01 3.159643383568687836e-03
6.367346938775509946e-01 3.159643142918414256e-03
6.765306122448979664e-01 3.159642904507014693e-03
7.163265306122448273e-01 3.159642644037877982e-03
7.561224489795917991e-01 3.159642392040214794e-03
7.959183673469387710e-01 3.159642144331614201e-03
8.357142857142856318e-01 3.159641866805649752e-03
8.755102040816326037e-01 3.159641555773272815e-03
9.153061224489795755e-01 3.159641234479415410e-03
9.551020408163264364e-01 3.159640946789902573e-03
9.948979591836734082e-01 3.159640651265735803e-03
1.034693877551020380e+00 3.159640235377691314e-03
1.074489795918367241e+00 3.159639904956398557e-03
1.114285714285714324e+00 3.159639563526855065e-03
1.154081632653061185e+00 3.159639143706962239e-03
1.193877551020408045e+00 3.159638689857562771e-03
1.233673469387755128e+00 3.159638199586340714e-03
1.273469387755101989e+00 3.159637629198339560e-03
1.313265306122448850e+00 3.159636896062092970e-03
1.353061224489795933e+00 3.159635880423971623e-03
1.392857142857142794e+00 3.159634089086602819e-03
1.432653061224489655e+00 3.159630660696327586e-03
1.472448979591836737e+00 3.159623354854125977e-03
1.512244897959183598e+00 3.159606446503530463e-03
1.552040816326530459e+00 3.159564892981883439e-03
1.591836734693877542e+00 3.159454341249009427e-03
1.631632653061224403e+00 3.159130582822633482e-03
1.671428571428571264e+00 3.158076246280230696e-03
1.711224489795918347e+00 3.154275738117489226e-03
1.751020408163265207e+00 3.139557674729161717e-03
1.790816326530612068e+00 3.082427235482055727e-03
1.830612244897959151e+00 2.891789583859097866e-03
1.870408163265306012e+00 2.421775899189286541e-03
1.910204081632652873e+00 1.448461941754272285e-03
1.949999999999999956e+00 -5.887481234765171460e-04
