0.000000000000000000e+00 4.861264488975495200e-03
3.979591836734693716e-02 4.861264402698709138e-03
7.959183673469387432e-02 4.861264313837765361e-03
1.193877551020408045e-01 4.861264221247757651e-03
1.591836734693877486e-01 4.861264125284977394e-03
1.989795918367346927e-01 4.861264025399269183e-03
2.387755102040816091e-01 4.861263919307474111e-03
2.785714285714285809e-01 4.861263817408126645e-03
3.183673469387754973e-01 4.861263702449712329e-03
3.581632653061224136e-01 4.861263582380124376e-03
3.979591836734693855e-01 4.861263458097312903e-03
4.377551020408163018e-01 4.861263322994140330e-03
4.775510204081632182e-01 4.861263180647680190e-03
5.173469387755101900e-01 4.861263057255345646e-03
5.571428571428571619e-01 4.861262916064576500e-03
5.969387755102040227e-01 4.861262759345018163e-03
6.367346938775509946e-01 4.861262595715078703e-03
6.765306122448979664e-01 4.861262424627511847e-03
7.163265306122448273e-01 4.861262238420868860e-03
7.561224489795917991e-01 4.861262054542926474e-03
7.959183673469387710e-01 4.861261869350990902e-03
8.357142857142856318e-01 4.861261647909250957e-03
8.755102040816326037e-01 4.861261462904714961e-03
9.153061224489795755e-01 4.861261188063296240e-03
9.551020408163264364e-01 4.861261002547081871e-03
9.948979591836734082e-01 4.861260681261894180e-03
1.034693877551020380e+00 4.861260476056156361e-03
1.074489795918367241e+00 4.861260150685367022e-03
1.114285714285714324e+00 4.861259836114691958e-03
1.154081632653061185e+00 4.861259496438418738e-03
1.193877551020408045e+00 4.861259132539533755e-03
1.233673469387755128e+00 4.861258684212788235e-03
1.273469387755101989e+00 4.861258211839630285e-03
1.313265306122448850e+00 4.861257496198723507e-03
1.353061224489795933e+00 4.861256547193840150e-03
1.392857142857142794e+00 4.861254816221514605e-03
1.432653061224489655e+00 4.861251395321490414e-03
1.472448979591836737e+00 4.861244047679656906e-03
1.512244897959183598e+00 4.861227274336367941e-03
1.552040816326530459e+00 4.861185712921228634e-03
1.591836734693877542e+00 4.861075088843152744e-03
1.631632653061224403e+00 4.860751324257316271e-03
1.671428571428571264e+00 4.859696697782899324e-03
1.711224489795918347e+00 4.855895918259400638e-03
1.751020408163265207e+00 4.841177317470847681e-03
1.790816326530612068e+00 4.784044982816061491e-03
1.830612244897959151e+00 4.593443984999676447e-03
1.870408163265306012e+00 4.123428693184688631e-03
1.910204081632652873e+00 3.150121611080504425e-03
1.949999999999999956e+00 1.112918773175443007e-03
