0.000000000000000000e+00 3.114190226693910792e-03
3.979591836734693716e-02 3.114190082095997722e-03
7.959183673469387432e-02 3.114189933436113840e-03
1.193877551020408045e-01 3.114189780465259107e-03
1.591836734693877486e-01 3.114189621737754442e-03
1.989795918367346927e-01 3.114189460520727735e-03
2.387755102040816091e-01 3.114189291545367555e-03
2.785714285714285809e-01 3.114189122703338222e-03
3.183673469387754973e-01 3.114188945299758548e-03
3.581632653061224136e-01 3.114188764967803016e-03
3.979591836734693855e-01 3.114188581232267983e-03
4.377551020408163018e-01 3.114188379537088762e-03
4.775510204081632182e-01 3.114188191412211974e-03
5.173469387755101900e-01 3.114187960515953698e-03
5.571428571428571619e-01 3.114187750429611712e-03
5.969387755102040227e-01 3.114187536218952519e-03
6.367346938775509946e-01 3.114187305659637389e-03
6.765306122448979664e-01 3.114187052828371483e-03
7.163265306122448273e-01 3.114186826017968993e-03
7.561224489795917991e-01 3.114186566501049320e-03
7.959183673469387710e-01 3.114186285028512201e-03
8.357142857142856318e-01 3.114186016767374072e-03
8.755102040816326037e-01 3.114185760547180572e-03
9.153061224489795755e-01 3.114185403975761914e-03
9.551020408163264364e-01 3.114185121676405280e-03
9.948979591836734082e-01 3.114184821304537710e-03
1.034693877551020380e+00 3.114184454713769552e-03
1.074489795918367241e+00 3.114184140120326676e-03
1.114285714285714324e+00 3.114183736404938299e-03
1.154081632653061185e+00 3.114183324328237412e-03
1.193877551020408045e+00 3.114182924110102738e-03
1.233673469387755128e+00 3.114182381275344257e-03
1.273469387755101989e+00 3.114181894977380988e-03
1.313265306122448850e+00 3.114181143300784587e-03
1.353061224489795933e+00 3.114180108984525210e-03
1.392857142857142794e+00 3.114178302932695853e-03
1.432653061224489655e+00 3.114174919201296611e-03
1.472448979591836737e+00 3.114167560158663962e-03
1.512244897959183598e+00 3.114150714720982475e-03
1.552040816326530459e+00 3.114109141222006199e-03
1.591836734693877542e+00 3.113998638046390662e-03
1.631632653061224403e+00 3.113674901292346180e-03
1.671428571428571264e+00 3.112620440173250683e-03
1.711224489795918347e+00 3.108819921126877543e-03
1.751020408163265207e+00 3.094102066200060674e-03
1.790816326530612068e+00 3.036971662772984786e-03
1.830612244897959151e+00 2.846333713870685157e-03
1.870408163265306012e+00 2.376319861532896240e-03
1.910204081632652873e+00 1.403006061715334277e-03
1.949999999999999956e+00 -6.342042601342578589e-04
