0.000000000000000000e+00 2.829682791697535251e-03
3.979591836734693716e-02 2.829682655362167343e-03
7.959183673469387432e-02 2.829682516077487633e-03
1.193877551020408045e-01 2.829682372110793598e-03
1.591836734693877486e-01 2.829682222784977129e-03
1.989795918367346927e-01 2.829682070898952104e-03
2.387755102040816091e-01 2.829681915069300838e-03
2.785714285714285809e-01 2.829681754742740217e-03
3.183673469387754973e-01 2.829681587978751314e-03
3.581632653061224136e-01 2.829681417858832728e-03
3.979591836734693855e-01 2.829681237596875457e-03
4.377551020408163018e-01 2.829681051702480094e-03
4.775510204081632182e-01 2.829680872512941453e-03
5.173469387755101900e-01 2.829680678653247097e-03
5.571428571428571619e-01 2.829680475787371089e-03
5.969387755102040227e-01 2.829680278473702647e-03
6.367346938775509946e-01 2.829680050392417885e-03
6.765306122448979664e-01 2.829679833514833851e-03
7.163265306122448273e-01 2.829679585052574404e-03
7.561224489795917991e-01 2.829679359164828829e-03
7.959183673469387710e-01 2.829679118195318425e-03
8.357142857142856318e-01 2.829678862997053561e-03
8.755102040816326037e-01 2.829678574667652841e-03
9.153061224489795755e-01 2.829678251788327568e-03
9.551020408163264364e-01 2.829678001687983488e-03
9.948979591836734082e-01 2.829677727116165515e-03
1.034693877551020380e+00 2.829677399532739418e-03
1.074489795918367241e+00 2.829677094091368871e-03
1.114285714285714324e+00 2.829676699893897765e-03
1.154081632653061185e+00 2.829676386139315988e-03
1.193877551020408045e+00 2.829675951392163647e-03
1.233673469387755128e+00 2.829675518638255418e-03
1.273469387755101989e+00 2.829674949660445239e-03
1.313265306122448850e+00 2.829674269405450110e-03
1.353061224489795933e+00 2.829673266139093833e-03
1.392857142857142794e+00 2.829671525118291481e-03
1.432653061224489655e+00 2.829668157905772686e-03
1.472448979591836737e+00 2.829660865484156032e-03
1.512244897959183598e+00 2.829644113417389278e-03
1.552040816326530459e+00 2.829602568896270876e-03
1.591836734693877542e+00 2.829492066224829731e-03
1.631632653061224403e+00 2.829168420401593706e-03
1.671428571428571264e+00 2.828114137067844983e-03
1.711224489795918347e+00 2.824313724382125634e-03
1.751020408163265207e+00 2.809595840073892629e-03
1.790816326530612068e+00 2.752465674825660576e-03
1.830612244897959151e+00 2.561826371448899537e-03
1.870408163265306012e+00 2.091812632213777175e-03
1.910204081632652873e+00 1.118498361063873783e-03
1.949999999999999956e+00 -9.187119086724641025e-04
