0.000000000000000000e+00 4.800363219639355514e-03
3.979591836734693716e-02 4.800363115048173444e-03
7.959183673469387432e-02 4.800363007363615993e-03
1.193877551020408045e-01 4.800362895369588226e-03
1.591836734693877486e-01 4.800362779840899180e-03
1.989795918367346927e-01 4.800362658997395574e-03
2.387755102040816091e-01 4.800362533002657493e-03
2.785714285714285809e-01 4.800362406884544145e-03
3.183673469387754973e-01 4.800362272060076582e-03
3.581632653061224136e-01 4.800362129792357276e-03
3.979591836734693855e-01 4.800361986982183866e-03
4.377551020408163018e-01 4.800361824587539260e-03
4.775510204081632182e-01 4.800361667884797331e-03
5.173469387755101900e-01 4.800361502280549135e-03
5.571428571428571619e-01 4.800361333949751917e-03
5.969387755102040227e-01 4.800361142319870683e-03
6.367346938775509946e-01 4.800360966247319179e-03
6.765306122448979664e-01 4.800360771989688365e-03
7.163265306122448273e-01 4.800360551533027625e-03
7.561224489795917991e-01 4.800360360176011455e-03
7.959183673469387710e-01 4.800360100647556305e-03
8.357142857142856318e-01 4.800359886433753359e-03
8.755102040816326037e-01 4.800359610846562271e-03
9.153061224489795755e-01 4.800359414303769813e-03
9.551020408163264364e-01 4.800359073511431020e-03
9.948979591836734082e-01 4.800358819562027847e-03
1.034693877551020380e+00 4.800358514227992882e-03
1.074489795918367241e+00 4.800358178343382826e-03
1.114285714285714324e+00 4.800357806587477252e-03
1.154081632653061185e+00 4.800357446409804843e-03
1.193877551020408045e+00 4.800357025335333545e-03
1.233673469387755128e+00 4.800356565388786551e-03
1.273469387755101989e+00 4.800356003837743038e-03
1.313265306122448850e+00 4.800355284047212907e-03
1.353061224489795933e+00 4.800354217291974077e-03
1.392857142857142794e+00 4.800352442534607834e-03
1.432653061224489655e+00 4.800349016757913395e-03
1.472448979591836737e+00 4.800341620208995776e-03
1.512244897959183598e+00 4.800324740315257792e-03
1.552040816326530459e+00 4.800283120684079724e-03
1.591836734693877542e+00 4.800172417510561833e-03
1.631632653061224403e+00 4.799848589115269376e-03
1.671428571428571264e+00 4.798793964781790031e-03
1.711224489795918347e+00 4.794993242587112722e-03
1.751020408163265207e+00 4.780274421673147076e-03
1.790816326530612068e+00 4.723142208658340224e-03
1.830612244897959151e+00 4.532535663568648676e-03
1.870408163265306012e+00 4.062520879218115000e-03
1.910204081632652873e+00 3.089212751071158426e-03
1.949999999999999956e+00 1.052008154556961740e-03
