0.000000000000000000e+00 4.591893428866584276e-03
3.979591836734693716e-02 4.591893294907538163e-03
7.959183673469387432e-02 4.591893157436001405e-03
1.193877551020408045e-01 4.591893014839464396e-03
1.591836734693877486e-01 4.591892865961939504e-03
1.989795918367346927e-01 4.591892715346712617e-03
2.387755102040816091e-01 4.591892556662972857e-03
2.785714285714285809e-01 4.591892394142233803e-03
3.183673469387754973e-01 4.591892221361822297e-03
3.581632653061224136e-01 4.591892050053686218e-03
3.979591836734693855e-01 4.591891867188406008e-03
4.377551020408163018e-01 4.591891676888277922e-03
4.775510204081632182e-01 4.591891472466647257e-03
5.173469387755101900e-01 4.591891266238075711e-03
5.571428571428571619e-01 4.591891049783703924e-03
5.969387755102040227e-01 4.591890841094224164e-03
6.367346938775509946e-01 4.591890616965929248e-03
6.765306122448979664e-01 4.591890376650828963e-03
7.163265306122448273e-01 4.591890116539250853e-03
7.561224489795917991e-01 4.591889836839393828e-03
7.959183673469387710e-01 4.591889603030033934e-03
8.357142857142856318e-01 4.591889311674839623e-03
8.755102040816326037e-01 4.591889006095453175e-03
9.153061224489795755e-01 4.591888671897620573e-03
9.551020408163264364e-01 4.591888358896788723e-03
9.948979591836734082e-01 4.591888012278736754e-03
1.034693877551020380e+00 4.591887671899189290e-03
1.074489795918367241e+00 4.591887297357656085e-03
1.114285714285714324e+00 4.591886874989451438e-03
1.154081632653061185e+00 4.591886448781253363e-03
1.193877551020408045e+00 4.591885976481919172e-03
1.233673469387755128e+00 4.591885453548573241e-03
1.273469387755101989e+00 4.591884844976189782e-03
1.313265306122448850e+00 4.591884039025306494e-03
1.353061224489795933e+00 4.591882970962128663e-03
1.392857142857142794e+00 4.591881072367930139e-03
1.432653061224489655e+00 4.591877511890549331e-03
1.472448979591836737e+00 4.591870127474388316e-03
1.512244897959183598e+00 4.591853119377473959e-03
1.552040816326530459e+00 4.591811452762489289e-03
1.591836734693877542e+00 4.591700699890901953e-03
1.631632653061224403e+00 4.591376761720907147e-03
1.671428571428571264e+00 4.590322196265979142e-03
1.711224489795918347e+00 4.586521248879982249e-03
1.751020408163265207e+00 4.571802552870570316e-03
1.790816326530612068e+00 4.514670811789901934e-03
1.830612244897959151e+00 4.324053804144550005e-03
1.870408163265306012e+00 3.854039536880890082e-03
1.910204081632652873e+00 2.880729384638889157e-03
1.949999999999999956e+00 8.435231294508830583e-04
