0.000000000000000000e+00 4.911419587865489128e-03
3.979591836734693716e-02 4.911419546719796372e-03
7.959183673469387432e-02 4.911419503865878909e-03
1.193877551020408045e-01 4.911419458330987080e-03
1.591836734693877486e-01 4.911419412548018518e-03
1.989795918367346927e-01 4.911419364911368685e-03
2.387755102040816091e-01 4.911419316417258048e-03
2.785714285714285809e-01 4.911419261136378347e-03
3.183673469387754973e-01 4.911419201912732395e-03
3.581632653061224136e-01 4.911419147111947825e-03
3.979591836734693855e-01 4.911419084391477514e-03
4.377551020408163018e-01 4.911419005349284585e-03
4.775510204081632182e-01 4.911418947906933362e-03
5.173469387755101900e-01 4.911418865480386003e-03
5.571428571428571619e-01 4.911418771414652502e-03
5.969387755102040227e-01 4.911418696094835279e-03
6.367346938775509946e-01 4.911418630406829029e-03
6.765306122448979664e-01 4.911418508594173581e-03
7.163265306122448273e-01 4.911418425675721962e-03
7.561224489795917991e-01 4.911418306432588365e-03
7.959183673469387710e-01 4.911418229302217699e-03
8.357142857142856318e-01 4.911418071716216159e-03
8.755102040816326037e-01 4.911418013392315762e-03
9.153061224489795755e-01 4.911417835355974884e-03
9.551020408163264364e-01 4.911417647340220009e-03
9.948979591836734082e-01 4.911417582324531864e-03
1.034693877551020380e+00 4.911417384081657490e-03
1.074489795918367241e+00 4.911417194120219418e-03
1.114285714285714324e+00 4.911416978730600950e-03
1.154081632653061185e+00 4.911416800377405890e-03
1.193877551020408045e+00 4.911416532156515947e-03
1.233673469387755128e+00 4.911416254015418120e-03
1.273469387755101989e+00 4.911415861038233473e-03
1.313265306122448850e+00 4.911415385061217859e-03
1.353061224489795933e+00 4.911414548486036334e-03
1.392857142857142794e+00 4.911412898115275275e-03
1.432653061224489655e+00 4.911409699894258261e-03
1.472448979591836737e+00 4.911402606383702407e-03
1.512244897959183598e+00 4.911385961015608988e-03
1.552040816326530459e+00 4.911344605272518517e-03
1.591836734693877542e+00 4.911234201438290960e-03
1.631632653061224403e+00 4.910910588815336868e-03
1.671428571428571264e+00 4.909856293857589073e-03
1.711224489795918347e+00 4.906055750542870353e-03
1.751020408163265207e+00 4.891337158541777738e-03
1.790816326530612068e+00 4.834204359267390075e-03
1.830612244897959151e+00 4.643616961494574646e-03
1.870408163265306012e+00 4.173600315060278614e-03
1.910204081632652873e+00 3.200295425855610026e-03
1.949999999999999956e+00 1.163095398638681584e-03
