0.000000000000000000e+00 3.719087493042585752e-03
3.979591836734693716e-02 3.719087336717457129e-03
7.959183673469387432e-02 3.719087176611801833e-03
1.193877551020408045e-01 3.719087011599601748e-03
1.591836734693877486e-01 3.719086842264751353e-03
1.989795918367346927e-01 3.719086667402251873e-03
2.387755102040816091e-01 3.719086486192652464e-03
2.785714285714285809e-01 3.719086297679933574e-03
3.183673469387754973e-01 3.719086108258047845e-03
3.581632653061224136e-01 3.719085909763855408e-03
3.979591836734693855e-01 3.719085702067504839e-03
4.377551020408163018e-01 3.719085498741049774e-03
4.775510204081632182e-01 3.719085283757311931e-03
5.173469387755101900e-01 3.719085061821731340e-03
5.571428571428571619e-01 3.719084805949776206e-03
5.969387755102040227e-01 3.719084554412008161e-03
6.367346938775509946e-01 3.719084316399387264e-03
6.765306122448979664e-01 3.719084056297224366e-03
7.163265306122448273e-01 3.719083788337526099e-03
7.561224489795917991e-01 3.719083499846152947e-03
7.959183673469387710e-01 3.719083206922916499e-03
8.357142857142856318e-01 3.719082920511904838e-03
8.755102040816326037e-01 3.719082582480572746e-03
9.153061224489795755e-01 3.719082222800189613e-03
9.551020408163264364e-01 3.719081902870698293e-03
9.948979591836734082e-01 3.719081534238221753e-03
1.034693877551020380e+00 3.719081180073626532e-03
1.074489795918367241e+00 3.719080770646018830e-03
1.114285714285714324e+00 3.719080352182381390e-03
1.154081632653061185e+00 3.719079926132333718e-03
1.193877551020408045e+00 3.719079448176940573e-03
1.233673469387755128e+00 3.719078897414775098e-03
1.273469387755101989e+00 3.719078267977290325e-03
1.313265306122448850e+00 3.719077475065624746e-03
1.353061224489795933e+00 3.719076395680730781e-03
1.392857142857142794e+00 3.719074556893789494e-03
1.432653061224489655e+00 3.719071093382096335e-03
1.472448979591836737e+00 3.719063605468292573e-03
1.512244897959183598e+00 3.719046652408146761e-03
1.552040816326530459e+00 3.719005040291199250e-03
1.591836734693877542e+00 3.718894354763959895e-03
1.631632653061224403e+00 3.718570521359133418e-03
1.671428571428571264e+00 3.717515974321508251e-03
1.711224489795918347e+00 3.713715341279104180e-03
1.751020408163265207e+00 3.698997084337261008e-03
1.790816326530612068e+00 3.641866359591491679e-03
1.830612244897959151e+00 3.451232631869112846e-03
1.870408163265306012e+00 2.981219026705278410e-03
1.910204081632652873e+00 2.007906195444851983e-03
1.949999999999999956e+00 -2.930310565528536343e-05
