0.000000000000000000e+00 3.094913795626654755e-03
3.979591836734693716e-02 3.094913651094132519e-03
7.959183673469387432e-02 3.094913503641916717e-03
1.193877551020408045e-01 3.094913351496434741e-03
1.591836734693877486e-01 3.094913194578899785e-03
1.989795918367346927e-01 3.094913034394968995e-03
2.387755102040816091e-01 3.094912865585513866e-03
2.785714285714285809e-01 3.094912693195573869e-03
3.183673469387754973e-01 3.094912519611536968e-03
3.581632653061224136e-01 3.094912331363581983e-03
3.979591836734693855e-01 3.094912148142407640e-03
4.377551020408163018e-01 3.094911947518575856e-03
4.775510204081632182e-01 3.094911744521597254e-03
5.173469387755101900e-01 3.094911552898778513e-03
5.571428571428571619e-01 3.094911336778179665e-03
5.969387755102040227e-01 3.094911113293161414e-03
6.367346938775509946e-01 3.094910883377083050e-03
6.765306122448979664e-01 3.094910643399589878e-03
7.163265306122448273e-01 3.094910396932685701e-03
7.561224489795917991e-01 3.094910160952104704e-03
7.959183673469387710e-01 3.094909879068536568e-03
8.357142857142856318e-01 3.094909627402351281e-03
8.755102040816326037e-01 3.094909307241744487e-03
9.153061224489795755e-01 3.094909013205675557e-03
9.551020408163264364e-01 3.094908674663670364e-03
9.948979591836734082e-01 3.094908412987281907e-03
1.034693877551020380e+00 3.094908023583251618e-03
1.074489795918367241e+00 3.094907650757745040e-03
1.114285714285714324e+00 3.094907320966341219e-03
1.154081632653061185e+00 3.094906969316991822e-03
1.193877551020408045e+00 3.094906537479376243e-03
1.233673469387755128e+00 3.094905983655928203e-03
1.273469387755101989e+00 3.094905431525468795e-03
1.313265306122448850e+00 3.094904758873258388e-03
1.353061224489795933e+00 3.094903722463544695e-03
1.392857142857142794e+00 3.094901940545708319e-03
1.432653061224489655e+00 3.094898521095297127e-03
1.472448979591836737e+00 3.094891163797855709e-03
1.512244897959183598e+00 3.094874333710084368e-03
1.552040816326530459e+00 3.094832776318084521e-03
1.591836734693877542e+00 3.094722187079680577e-03
1.631632653061224403e+00 3.094398540140064560e-03
1.671428571428571264e+00 3.093344151412276855e-03
1.711224489795918347e+00 3.089543691448494531e-03
1.751020408163265207e+00 3.074825777645808205e-03
1.790816326530612068e+00 3.017695393640503800e-03
1.830612244897959151e+00 2.827057227544919980e-03
1.870408163265306012e+00 2.357043423371334157e-03
1.910204081632652873e+00 1.383729565482580458e-03
1.949999999999999956e+00 -6.534807425764876162e-04
