0.000000000000000000e+00 3.913858929876747744e-03
3.979591836734693716e-02 3.913858773207199750e-03
7.959183673469387432e-02 3.913858612752366302e-03
1.193877551020408045e-01 3.913858446273663950e-03
1.591836734693877486e-01 3.913858277308936325e-03
1.989795918367346927e-01 3.913858099426604197e-03
2.387755102040816091e-01 3.913857917947727999e-03
2.785714285714285809e-01 3.913857731315926840e-03
3.183673469387754973e-01 3.913857538336827993e-03
3.581632653061224136e-01 3.913857333786869425e-03
3.979591836734693855e-01 3.913857130795593726e-03
4.377551020408163018e-01 3.913856913402772968e-03
4.775510204081632182e-01 3.913856681853867918e-03
5.173469387755101900e-01 3.913856463701973799e-03
5.571428571428571619e-01 3.913856222662282121e-03
5.969387755102040227e-01 3.913855980195441245e-03
6.367346938775509946e-01 3.913855722264502485e-03
6.765306122448979664e-01 3.913855454208877913e-03
7.163265306122448273e-01 3.913855199426706857e-03
7.561224489795917991e-01 3.913854918542619167e-03
7.959183673469387710e-01 3.913854593414792596e-03
8.357142857142856318e-01 3.913854263613654808e-03
8.755102040816326037e-01 3.913853947673373926e-03
9.153061224489795755e-01 3.913853653832522969e-03
9.551020408163264364e-01 3.913853289771246184e-03
9.948979591836734082e-01 3.913852873932041967e-03
1.034693877551020380e+00 3.913852506940759118e-03
1.074489795918367241e+00 3.913852114506897670e-03
1.114285714285714324e+00 3.913851673395265206e-03
1.154081632653061185e+00 3.913851264358024495e-03
1.193877551020408045e+00 3.913850789262614434e-03
1.233673469387755128e+00 3.913850207295245173e-03
1.273469387755101989e+00 3.913849630407740393e-03
1.313265306122448850e+00 3.913848787651537028e-03
1.353061224489795933e+00 3.913847676122535375e-03
1.392857142857142794e+00 3.913845811806638403e-03
1.432653061224489655e+00 3.913842251318858795e-03
1.472448979591836737e+00 3.913834880422597390e-03
1.512244897959183598e+00 3.913817884533018869e-03
1.552040816326530459e+00 3.913776222427780942e-03
1.591836734693877542e+00 3.913665484914929590e-03
1.631632653061224403e+00 3.913341595095785885e-03
1.671428571428571264e+00 3.912286948620702885e-03
1.711224489795918347e+00 3.908486335456455227e-03
1.751020408163265207e+00 3.893767998985180837e-03
1.790816326530612068e+00 3.836637098679525435e-03
1.830612244897959151e+00 3.646005647103436713e-03
1.870408163265306012e+00 3.175991959527072351e-03
1.910204081632652873e+00 2.202679463015152182e-03
1.949999999999999956e+00 1.654702544192593956e-04
