0.000000000000000000e+00 2.700015128567692137e-03
3.979591836734693716e-02 2.700014996263755667e-03
7.959183673469387432e-02 2.700014861294729694e-03
1.193877551020408045e-01 2.700014722574592754e-03
1.591836734693877486e-01 2.700014579585032024e-03
1.989795918367346927e-01 2.700014432076041325e-03
2.387755102040816091e-01 2.700014280865484229e-03
2.785714285714285809e-01 2.700014125597205526e-03
3.183673469387754973e-01 2.700013965986110352e-03
3.581632653061224136e-01 2.700013799295840258e-03
3.979591836734693855e-01 2.700013625205735946e-03
4.377551020408163018e-01 2.700013452490800277e-03
4.775510204081632182e-01 2.700013264510588151e-03
5.173469387755101900e-01 2.700013066946717073e-03
5.571428571428571619e-01 2.700012898595645274e-03
5.969387755102040227e-01 2.700012681462476624e-03
6.367346938775509946e-01 2.700012469586315477e-03
6.765306122448979664e-01 2.700012257732623336e-03
7.163265306122448273e-01 2.700012029420782115e-03
7.561224489795917991e-01 2.700011821664498150e-03
7.959183673469387710e-01 2.700011571094943028e-03
8.357142857142856318e-01 2.700011338781304216e-03
8.755102040816326037e-01 2.700011040549077541e-03
9.153061224489795755e-01 2.700010787688358199e-03
9.551020408163264364e-01 2.700010542649201265e-03
9.948979591836734082e-01 2.700010238104716149e-03
1.034693877551020380e+00 2.700009873636897810e-03
1.074489795918367241e+00 2.700009612110349129e-03
1.114285714285714324e+00 2.700009231174480342e-03
1.154081632653061185e+00 2.700008866612289143e-03
1.193877551020408045e+00 2.700008514223195110e-03
1.233673469387755128e+00 2.700008068104670610e-03
1.273469387755101989e+00 2.700007604761006826e-03
1.313265306122448850e+00 2.700006909516796099e-03
1.353061224489795933e+00 2.700005919617632158e-03
1.392857142857142794e+00 2.700004191137881336e-03
1.432653061224489655e+00 2.700000835551321417e-03
1.472448979591836737e+00 2.699993514750135236e-03
1.512244897959183598e+00 2.699976779095848798e-03
1.552040816326530459e+00 2.699935356943898145e-03
1.591836734693877542e+00 2.699824859086063112e-03
1.631632653061224403e+00 2.699501220926911731e-03
1.671428571428571264e+00 2.698446981902190376e-03
1.711224489795918347e+00 2.694646650210134626e-03
1.751020408163265207e+00 2.679928860674643792e-03
1.790816326530612068e+00 2.622798592517655569e-03
1.830612244897959151e+00 2.432159101453715364e-03
1.870408163265306012e+00 1.962144976954398757e-03
1.910204081632652873e+00 9.888307064580402917e-04
1.949999999999999956e+00 -1.048379869564452236e-03
