0.000000000000000000e+00 3.266491614154558212e-03
3.979591836734693716e-02 3.266491465401166663e-03
7.959183673469387432e-02 3.266491313571357087e-03
1.193877551020408045e-01 3.266491156996118202e-03
1.591836734693877486e-01 3.266490993463555710e-03
1.989795918367346927e-01 3.266490828582620850e-03
2.387755102040816091e-01 3.266490658869053432e-03
2.785714285714285809e-01 3.266490482752273852e-03
3.183673469387754973e-01 3.266490297401848739e-03
3.581632653061224136e-01 3.266490110762129868e-03
3.979591836734693855e-01 3.266489919821067862e-03
4.377551020408163018e-01 3.266489712769031755e-03
4.775510204081632182e-01 3.266489505965940610e-03
5.173469387755101900e-01 3.266489294179675002e-03
5.571428571428571619e-01 3.266489087582160732e-03
5.969387755102040227e-01 3.266488849463317513e-03
6.367346938775509946e-01 3.266488588032288344e-03
6.765306122448979664e-01 3.266488360347553563e-03
7.163265306122448273e-01 3.266488121747503255e-03
7.561224489795917991e-01 3.266487846128939259e-03
7.959183673469387710e-01 3.266487585007313635e-03
8.357142857142856318e-01 3.266487238348134842e-03
8.755102040816326037e-01 3.266486993090480812e-03
9.153061224489795755e-01 3.266486682175004722e-03
9.551020408163264364e-01 3.266486325660290704e-03
9.948979591836734082e-01 3.266486028661313209e-03
1.034693877551020380e+00 3.266485660450557053e-03
1.074489795918367241e+00 3.266485299768616575e-03
1.114285714285714324e+00 3.266484902005286923e-03
1.154081632653061185e+00 3.266484502217396630e-03
1.193877551020408045e+00 3.266484070185804271e-03
1.233673469387755128e+00 3.266483598899969261e-03
1.273469387755101989e+00 3.266483005327903196e-03
1.313265306122448850e+00 3.266482249757268492e-03
1.353061224489795933e+00 3.266481201653612977e-03
1.392857142857142794e+00 3.266479370750429139e-03
1.432653061224489655e+00 3.266475959467390541e-03
1.472448979591836737e+00 3.266468590059119857e-03
1.512244897959183598e+00 3.266451712085220293e-03
1.552040816326530459e+00 3.266410154341071147e-03
1.591836734693877542e+00 3.266299534845249972e-03
1.631632653061224403e+00 3.265975782154874676e-03
1.671428571428571264e+00 3.264921368347166192e-03
1.711224489795918347e+00 3.261120809213696216e-03
1.751020408163265207e+00 3.246402801835772487e-03
1.790816326530612068e+00 3.189272360905463007e-03
1.830612244897959151e+00 2.998635209787136810e-03
1.870408163265306012e+00 2.528621618725226863e-03
1.910204081632652873e+00 1.555307651481338408e-03
1.949999999999999956e+00 -4.819019616109547293e-04
