0.000000000000000000e+00 4.900800985315677434e-03
3.979591836734693716e-02 4.900800921998387655e-03
7.959183673469387432e-02 4.900800856950351253e-03
1.193877551020408045e-01 4.900800787592014471e-03
1.591836734693877486e-01 4.900800715133683469e-03
1.989795918367346927e-01 4.900800642147252334e-03
2.387755102040816091e-01 4.900800561324188814e-03
2.785714285714285809e-01 4.900800483908661700e-03
3.183673469387754973e-01 4.900800399604905884e-03
3.581632653061224136e-01 4.900800305496224099e-03
3.979591836734693855e-01 4.900800211480635382e-03
4.377551020408163018e-01 4.900800124048296236e-03
4.775510204081632182e-01 4.900800018933523447e-03
5.173469387755101900e-01 4.900799906836856429e-03
5.571428571428571619e-01 4.900799784677416747e-03
5.969387755102040227e-01 4.900799679306580559e-03
6.367346938775509946e-01 4.900799559781707920e-03
6.765306122448979664e-01 4.900799400099905417e-03
7.163265306122448273e-01 4.900799268557178186e-03
7.561224489795917991e-01 4.900799134290506620e-03
7.959183673469387710e-01 4.900798972463498229e-03
8.357142857142856318e-01 4.900798806790298244e-03
8.755102040816326037e-01 4.900798598910421737e-03
9.153061224489795755e-01 4.900798427817554433e-03
9.551020408163264364e-01 4.900798229349208508e-03
9.948979591836734082e-01 4.900798019226602562e-03
1.034693877551020380e+00 4.900797828403762393e-03
1.074489795918367241e+00 4.900797590940544901e-03
1.114285714285714324e+00 4.900797343730813917e-03
1.154081632653061185e+00 4.900797054188754318e-03
1.193877551020408045e+00 4.900796737969264488e-03
1.233673469387755128e+00 4.900796394263383891e-03
1.273469387755101989e+00 4.900795981782560956e-03
1.313265306122448850e+00 4.900795349350979026e-03
1.353061224489795933e+00 4.900794395893665056e-03
1.392857142857142794e+00 4.900792738631368044e-03
1.432653061224489655e+00 4.900789433277387072e-03
1.472448979591836737e+00 4.900782169616555405e-03
1.512244897959183598e+00 4.900765441422774704e-03
1.552040816326530459e+00 4.900723929719317216e-03
1.591836734693877542e+00 4.900613473427307618e-03
1.631632653061224403e+00 4.900289763888222155e-03
1.671428571428571264e+00 4.899235307828053027e-03
1.711224489795918347e+00 4.895434688691619948e-03
1.751020408163265207e+00 4.880715971637758846e-03
1.790816326530612068e+00 4.823583345959970951e-03
1.830612244897959151e+00 4.632989420072334240e-03
1.870408163265306012e+00 4.162973414653521956e-03
1.910204081632652873e+00 3.189667557730279691e-03
1.949999999999999956e+00 1.152465920802378876e-03
