0.000000000000000000e+00 3.405865264163213980e-03
3.979591836734693716e-02 3.405865112258280904e-03
7.959183673469387432e-02 3.405864957063063116e-03
1.193877551020408045e-01 3.405864797694893847e-03
1.591836734693877486e-01 3.405864632413116433e-03
1.989795918367346927e-01 3.405864460787061919e-03
2.387755102040816091e-01 3.405864286282739035e-03
2.785714285714285809e-01 3.405864110504865875e-03
3.183673469387754973e-01 3.405863925391759174e-03
3.581632653061224136e-01 3.405863734975379462e-03
3.979591836734693855e-01 3.405863526869046948e-03
4.377551020408163018e-01 3.405863317587590200e-03
4.775510204081632182e-01 3.405863115370054515e-03
5.173469387755101900e-01 3.405862903456656661e-03
5.571428571428571619e-01 3.405862655561351249e-03
5.969387755102040227e-01 3.405862436890358044e-03
6.367346938775509946e-01 3.405862197060987272e-03
6.765306122448979664e-01 3.405861946420027462e-03
7.163265306122448273e-01 3.405861692225030813e-03
7.561224489795917991e-01 3.405861396571391222e-03
7.959183673469387710e-01 3.405861128043017640e-03
8.357142857142856318e-01 3.405860867634419743e-03
8.755102040816326037e-01 3.405860509065544630e-03
9.153061224489795755e-01 3.405860186502425620e-03
9.551020408163264364e-01 3.405859903463026844e-03
9.948979591836734082e-01 3.405859492154706542e-03
1.034693877551020380e+00 3.405859181495332448e-03
1.074489795918367241e+00 3.405858770593490382e-03
1.114285714285714324e+00 3.405858452224261833e-03
1.154081632653061185e+00 3.405857997594716885e-03
1.193877551020408045e+00 3.405857565507523603e-03
1.233673469387755128e+00 3.405857044357159420e-03
1.273469387755101989e+00 3.405856416549909657e-03
1.313265306122448850e+00 3.405855696217090223e-03
1.353061224489795933e+00 3.405854583510255565e-03
1.392857142857142794e+00 3.405852754975757270e-03
1.432653061224489655e+00 3.405849342125706527e-03
1.472448979591836737e+00 3.405841996946992137e-03
1.512244897959183598e+00 3.405825058156266606e-03
1.552040816326530459e+00 3.405783429191418851e-03
1.591836734693877542e+00 3.405672843480919438e-03
1.631632653061224403e+00 3.405349036466875749e-03
1.671428571428571264e+00 3.404294655290430408e-03
1.711224489795918347e+00 3.400493941098591943e-03
1.751020408163265207e+00 3.385775860415067041e-03
1.790816326530612068e+00 3.328645295604898066e-03
1.830612244897959151e+00 3.138009103818697760e-03
1.870408163265306012e+00 2.667995470112174278e-03
1.910204081632652873e+00 1.694681984612206619e-03
1.949999999999999956e+00 -3.425279256506529382e-04
