0.000000000000000000e+00 3.517546379771370468e-03
3.979591836734693716e-02 3.517546225969659084e-03
7.959183673469387432e-02 3.517546069245541460e-03
1.193877551020408045e-01 3.517545906765927495e-03
1.591836734693877486e-01 3.517545741704743590e-03
1.989795918367346927e-01 3.517545566535491657e-03
2.387755102040816091e-01 3.517545389721390536e-03
2.785714285714285809e-01 3.517545208586916796e-03
3.183673469387754973e-01 3.517545016546884049e-03
3.581632653061224136e-01 3.517544826055963268e-03
3.979591836734693855e-01 3.517544625538067578e-03
4.377551020408163018e-01 3.517544401328365124e-03
4.775510204081632182e-01 3.517544202249451180e-03
5.173469387755101900e-01 3.517543983228576393e-03
5.571428571428571619e-01 3.517543748644984692e-03
5.969387755102040227e-01 3.517543516121571841e-03
6.367346938775509946e-01 3.517543270177134716e-03
6.765306122448979664e-01 3.517543000999160535e-03
7.163265306122448273e-01 3.517542761038629489e-03
7.561224489795917991e-01 3.517542467470316167e-03
7.959183673469387710e-01 3.517542161991093520e-03
8.357142857142856318e-01 3.517541876399410405e-03
8.755102040816326037e-01 3.517541584626911015e-03
9.153061224489795755e-01 3.517541241427050124e-03
9.551020408163264364e-01 3.517540932906207569e-03
9.948979591836734082e-01 3.517540558896711453e-03
1.034693877551020380e+00 3.517540218137985529e-03
1.074489795918367241e+00 3.517539817281620067e-03
1.114285714285714324e+00 3.517539418361424145e-03
1.154081632653061185e+00 3.517538975544295260e-03
1.193877551020408045e+00 3.517538517794738251e-03
1.233673469387755128e+00 3.517538008884903405e-03
1.273469387755101989e+00 3.517537424526120254e-03
1.313265306122448850e+00 3.517536641424348891e-03
1.353061224489795933e+00 3.517535541853074581e-03
1.392857142857142794e+00 3.517533706777045948e-03
1.432653061224489655e+00 3.517530249623021955e-03
1.472448979591836737e+00 3.517522876458634325e-03
1.512244897959183598e+00 3.517505919785648451e-03
1.552040816326530459e+00 3.517464322551291760e-03
1.591836734693877542e+00 3.517353682289285806e-03
1.631632653061224403e+00 3.517029857529070831e-03
1.671428571428571264e+00 3.515975411894708622e-03
1.711224489795918347e+00 3.512174729605559414e-03
1.751020408163265207e+00 3.497456543461872208e-03
1.790816326530612068e+00 3.440325975794064628e-03
1.830612244897959151e+00 3.249690569640283685e-03
1.870408163265306012e+00 2.779676874982911668e-03
1.910204081632652873e+00 1.806363687627090099e-03
1.949999999999999956e+00 -2.308464068397676771e-04
