0.000000000000000000e+00 4.117055348247686437e-03
3.979591836734693716e-02 4.117055193280247383e-03
7.959183673469387432e-02 4.117055033987727236e-03
1.193877551020408045e-01 4.117054870597577736e-03
1.591836734693877486e-01 4.117054700695237275e-03
1.989795918367346927e-01 4.117054525117852179e-03
2.387755102040816091e-01 4.117054345332125942e-03
2.785714285714285809e-01 4.117054154310426616e-03
3.183673469387754973e-01 4.117053972498434071e-03
3.581632653061224136e-01 4.117053765078323470e-03
3.979591836734693855e-01 4.117053557724865281e-03
4.377551020408163018e-01 4.117053354965195984e-03
4.775510204081632182e-01 4.117053126806009995e-03
5.173469387755101900e-01 4.117052903836315204e-03
5.571428571428571619e-01 4.117052664824156182e-03
5.969387755102040227e-01 4.117052430741919948e-03
6.367346938775509946e-01 4.117052165771495006e-03
6.765306122448979664e-01 4.117051907664562478e-03
7.163265306122448273e-01 4.117051620515335339e-03
7.561224489795917991e-01 4.117051339396567318e-03
7.959183673469387710e-01 4.117051037097611485e-03
8.357142857142856318e-01 4.117050758165486692e-03
8.755102040816326037e-01 4.117050380722913835e-03
9.153061224489795755e-01 4.117050090736471858e-03
9.551020408163264364e-01 4.117049742825301499e-03
9.948979591836734082e-01 4.117049304877540977e-03
1.034693877551020380e+00 4.117048949306038180e-03
1.074489795918367241e+00 4.117048534292730606e-03
1.114285714285714324e+00 4.117048140416693786e-03
1.154081632653061185e+00 4.117047674094455149e-03
1.193877551020408045e+00 4.117047170094408591e-03
1.233673469387755128e+00 4.117046606628807157e-03
1.273469387755101989e+00 4.117045994169572787e-03
1.313265306122448850e+00 4.117045216883009548e-03
1.353061224489795933e+00 4.117044028351760435e-03
1.392857142857142794e+00 4.117042182452982854e-03
1.432653061224489655e+00 4.117038632323905857e-03
1.472448979591836737e+00 4.117031191022896448e-03
1.512244897959183598e+00 4.117014237841614029e-03
1.552040816326530459e+00 4.116972515532179439e-03
1.591836734693877542e+00 4.116861772038889720e-03
1.631632653061224403e+00 4.116537818736945402e-03
1.671428571428571264e+00 4.115483208848196191e-03
1.711224489795918347e+00 4.111682471870679867e-03
1.751020408163265207e+00 4.096964042381717741e-03
1.790816326530612068e+00 4.039832855177176614e-03
1.830612244897959151e+00 3.849204340897416365e-03
1.870408163265306012e+00 3.379190605570116853e-03
1.910204081632652873e+00 2.405878611902801615e-03
1.949999999999999956e+00 3.686699381808089364e-04
