0.000000000000000000e+00 3.545893982923911582e-03
3.979591836734693716e-02 3.545893828978592417e-03
7.959183673469387432e-02 3.545893671239867557e-03
1.193877551020408045e-01 3.545893508606625180e-03
1.591836734693877486e-01 3.545893340844247840e-03
1.989795918367346927e-01 3.545893168524458326e-03
2.387755102040816091e-01 3.545892990764616323e-03
2.785714285714285809e-01 3.545892804952257768e-03
3.183673469387754973e-01 3.545892619920671795e-03
3.581632653061224136e-01 3.545892419341083266e-03
3.979591836734693855e-01 3.545892219242251231e-03
4.377551020408163018e-01 3.545892015051784613e-03
4.775510204081632182e-01 3.545891788451061184e-03
5.173469387755101900e-01 3.545891573944792968e-03
5.571428571428571619e-01 3.545891342652210225e-03
5.969387755102040227e-01 3.545891101624940468e-03
6.367346938775509946e-01 3.545890838412834711e-03
6.765306122448979664e-01 3.545890617580218628e-03
7.163265306122448273e-01 3.545890331532061245e-03
7.561224489795917991e-01 3.545890062749687717e-03
7.959183673469387710e-01 3.545889766913299344e-03
8.357142857142856318e-01 3.545889453052627517e-03
8.755102040816326037e-01 3.545889130452918852e-03
9.153061224489795755e-01 3.545888813276449735e-03
9.551020408163264364e-01 3.545888470927941686e-03
9.948979591836734082e-01 3.545888142571170226e-03
1.034693877551020380e+00 3.545887789695956367e-03
1.074489795918367241e+00 3.545887419846147168e-03
1.114285714285714324e+00 3.545886973692508395e-03
1.154081632653061185e+00 3.545886527739770550e-03
1.193877551020408045e+00 3.545886073408858682e-03
1.233673469387755128e+00 3.545885578633946236e-03
1.273469387755101989e+00 3.545884967818565756e-03
1.313265306122448850e+00 3.545884190790237356e-03
1.353061224489795933e+00 3.545883150386897054e-03
1.392857142857142794e+00 3.545881324660568688e-03
1.432653061224489655e+00 3.545877757257483512e-03
1.472448979591836737e+00 3.545870445620557827e-03
1.512244897959183598e+00 3.545853425561138264e-03
1.552040816326530459e+00 3.545811849963005635e-03
1.591836734693877542e+00 3.545701229467736106e-03
1.631632653061224403e+00 3.545377401935805549e-03
1.671428571428571264e+00 3.544322859329400530e-03
1.711224489795918347e+00 3.540522286135857136e-03
1.751020408163265207e+00 3.525804036975239714e-03
1.790816326530612068e+00 3.468673511302362237e-03
1.830612244897959151e+00 3.278038338679770906e-03
1.870408163265306012e+00 2.808024618488423347e-03
1.910204081632652873e+00 1.834711485911541193e-03
1.949999999999999956e+00 -2.024985179433579736e-04
