0.000000000000000000e+00 3.431483300150798242e-03
3.979591836734693716e-02 3.431483148515769056e-03
7.959183673469387432e-02 3.431482992345571623e-03
1.193877551020408045e-01 3.431482831986927291e-03
1.591836734693877486e-01 3.431482666783131769e-03
1.989795918367346927e-01 3.431482497042195184e-03
2.387755102040816091e-01 3.431482324850109508e-03
2.785714285714285809e-01 3.431482142237237635e-03
3.183673469387754973e-01 3.431481949624155901e-03
3.581632653061224136e-01 3.431481763099805248e-03
3.979591836734693855e-01 3.431481556985984793e-03
4.377551020408163018e-01 3.431481359149938203e-03
4.775510204081632182e-01 3.431481139291402745e-03
5.173469387755101900e-01 3.431480918057597165e-03
5.571428571428571619e-01 3.431480679627580549e-03
5.969387755102040227e-01 3.431480464093006420e-03
6.367346938775509946e-01 3.431480216905186727e-03
6.765306122448979664e-01 3.431479963082032826e-03
7.163265306122448273e-01 3.431479711907156789e-03
7.561224489795917991e-01 3.431479418905352980e-03
7.959183673469387710e-01 3.431479146990150820e-03
8.357142857142856318e-01 3.431478896870701362e-03
8.755102040816326037e-01 3.431478546584866736e-03
9.153061224489795755e-01 3.431478214457364152e-03
9.551020408163264364e-01 3.431477924629470697e-03
9.948979591836734082e-01 3.431477553601942551e-03
1.034693877551020380e+00 3.431477197245111788e-03
1.074489795918367241e+00 3.431476785294737802e-03
1.114285714285714324e+00 3.431476421781199087e-03
1.154081632653061185e+00 3.431476024739886499e-03
1.193877551020408045e+00 3.431475532747930209e-03
1.233673469387755128e+00 3.431475017458615953e-03
1.273469387755101989e+00 3.431474423575964564e-03
1.313265306122448850e+00 3.431473674083783138e-03
1.353061224489795933e+00 3.431472604705762108e-03
1.392857142857142794e+00 3.431470771095063935e-03
1.432653061224489655e+00 3.431467312937027097e-03
1.472448979591836737e+00 3.431459925484920022e-03
1.512244897959183598e+00 3.431443076335272471e-03
1.552040816326530459e+00 3.431401446351105104e-03
1.591836734693877542e+00 3.431290823714194110e-03
1.631632653061224403e+00 3.430967020963535639e-03
1.671428571428571264e+00 3.429912438661145840e-03
1.711224489795918347e+00 3.426111857740470144e-03
1.751020408163265207e+00 3.411393930200705502e-03
1.790816326530612068e+00 3.354263228184802340e-03
1.830612244897959151e+00 3.163627238299695534e-03
1.870408163265306012e+00 2.693613568987941482e-03
1.910204081632652873e+00 1.720299982562021766e-03
1.949999999999999956e+00 -3.169098333982399971e-04
