0.000000000000000000e+00 3.437478147539211638e-03
3.979591836734693716e-02 3.437477995282928103e-03
7.959183673469387432e-02 3.437477838501225465e-03
1.193877551020408045e-01 3.437477677449991484e-03
1.591836734693877486e-01 3.437477511318384749e-03
1.989795918367346927e-01 3.437477342090470081e-03
2.387755102040816091e-01 3.437477170428592226e-03
2.785714285714285809e-01 3.437476988794118272e-03
3.183673469387754973e-01 3.437476797519268580e-03
3.581632653061224136e-01 3.437476605345567149e-03
3.979591836734693855e-01 3.437476407629169641e-03
4.377551020408163018e-01 3.437476212069584189e-03
4.775510204081632182e-01 3.437475986159216953e-03
5.173469387755101900e-01 3.437475771700511384e-03
5.571428571428571619e-01 3.437475559942592025e-03
5.969387755102040227e-01 3.437475288416518698e-03
6.367346938775509946e-01 3.437475043779404747e-03
6.765306122448979664e-01 3.437474814502954491e-03
7.163265306122448273e-01 3.437474553525114458e-03
7.561224489795917991e-01 3.437474276219145905e-03
7.959183673469387710e-01 3.437474004102799956e-03
8.357142857142856318e-01 3.437473676237421012e-03
8.755102040816326037e-01 3.437473401911307971e-03
9.153061224489795755e-01 3.437473056500747141e-03
9.551020408163264364e-01 3.437472732966957972e-03
9.948979591836734082e-01 3.437472426649452757e-03
1.034693877551020380e+00 3.437472055401430849e-03
1.074489795918367241e+00 3.437471624354809709e-03
1.114285714285714324e+00 3.437471251270602952e-03
1.154081632653061185e+00 3.437470831559268254e-03
1.193877551020408045e+00 3.437470389930756716e-03
1.233673469387755128e+00 3.437469859311165048e-03
1.273469387755101989e+00 3.437469298018247521e-03
1.313265306122448850e+00 3.437468544966131630e-03
1.353061224489795933e+00 3.437467463156363562e-03
1.392857142857142794e+00 3.437465622642369746e-03
1.432653061224489655e+00 3.437462130554506945e-03
1.472448979591836737e+00 3.437454785508786866e-03
1.512244897959183598e+00 3.437437875440346735e-03
1.552040816326530459e+00 3.437396293481151822e-03
1.591836734693877542e+00 3.437285576646034735e-03
1.631632653061224403e+00 3.436961859851823953e-03
1.671428571428571264e+00 3.435907394912717742e-03
1.711224489795918347e+00 3.432106762275240197e-03
1.751020408163265207e+00 3.417388586407316738e-03
1.790816326530612068e+00 3.360258140371650149e-03
1.830612244897959151e+00 3.169622135371853461e-03
1.870408163265306012e+00 2.699608449903993443e-03
1.910204081632652873e+00 1.726294854157905175e-03
1.949999999999999956e+00 -3.109149220734795530e-04
