0.000000000000000000e+00 3.473597285164147647e-03
3.979591836734693716e-02 3.473597132347371920e-03
7.959183673469387432e-02 3.473596975882951073e-03
1.193877551020408045e-01 3.473596813892182184e-03
1.591836734693877486e-01 3.473596648735560732e-03
1.989795918367346927e-01 3.473596477195447455e-03
2.387755102040816091e-01 3.473596297662181163e-03
2.785714285714285809e-01 3.473596117379424992e-03
3.183673469387754973e-01 3.473595925311847871e-03
3.581632653061224136e-01 3.473595738554198595e-03
3.979591836734693855e-01 3.473595537394415320e-03
4.377551020408163018e-01 3.473595343105749869e-03
4.775510204081632182e-01 3.473595120788754327e-03
5.173469387755101900e-01 3.473594885502459106e-03
5.571428571428571619e-01 3.473594670224208151e-03
5.969387755102040227e-01 3.473594428329444816e-03
6.367346938775509946e-01 3.473594187841684902e-03
6.765306122448979664e-01 3.473593920289353050e-03
7.163265306122448273e-01 3.473593651096720889e-03
7.561224489795917991e-01 3.473593398232982261e-03
7.959183673469387710e-01 3.473593114697319430e-03
8.357142857142856318e-01 3.473592822391521374e-03
8.755102040816326037e-01 3.473592519671955814e-03
9.153061224489795755e-01 3.473592194283753754e-03
9.551020408163264364e-01 3.473591843445882846e-03
9.948979591836734082e-01 3.473591522169005782e-03
1.034693877551020380e+00 3.473591106302754625e-03
1.074489795918367241e+00 3.473590782397487434e-03
1.114285714285714324e+00 3.473590380132258928e-03
1.154081632653061185e+00 3.473589916223839436e-03
1.193877551020408045e+00 3.473589467267426591e-03
1.233673469387755128e+00 3.473588988681147911e-03
1.273469387755101989e+00 3.473588341720238153e-03
1.313265306122448850e+00 3.473587606919983223e-03
1.353061224489795933e+00 3.473586516869271636e-03
1.392857142857142794e+00 3.473584678218033430e-03
1.432653061224489655e+00 3.473581202860754561e-03
1.472448979591836737e+00 3.473573789476128333e-03
1.512244897959183598e+00 3.473556876578723276e-03
1.552040816326530459e+00 3.473515344246466338e-03
1.591836734693877542e+00 3.473404661375108574e-03
1.631632653061224403e+00 3.473080844282518814e-03
1.671428571428571264e+00 3.472026402108513172e-03
1.711224489795918347e+00 3.468225733656163726e-03
1.751020408163265207e+00 3.453507601820100890e-03
1.790816326530612068e+00 3.396376969096562976e-03
1.830612244897959151e+00 3.205741275852398015e-03
1.870408163265306012e+00 2.735727612832195878e-03
1.910204081632652873e+00 1.762414075905368704e-03
1.949999999999999956e+00 -2.747956704920582376e-04
