0.000000000000000000e+00 2.917794417181752281e-03
3.979591836734693716e-02 2.917794277718505341e-03
7.959183673469387432e-02 2.917794135789325560e-03
1.193877551020408045e-01 2.917793987472020074e-03
1.591836734693877486e-01 2.917793837061273717e-03
1.989795918367346927e-01 2.917793680290157662e-03
2.387755102040816091e-01 2.917793523853904388e-03
2.785714285714285809e-01 2.917793355867159214e-03
3.183673469387754973e-01 2.917793192300560147e-03
3.581632653061224136e-01 2.917793012875738359e-03
3.979591836734693855e-01 2.917792834470920096e-03
4.377551020408163018e-01 2.917792649065484301e-03
4.775510204081632182e-01 2.917792454028643890e-03
5.173469387755101900e-01 2.917792251958204949e-03
5.571428571428571619e-01 2.917792039676716555e-03
5.969387755102040227e-01 2.917791836040026145e-03
6.367346938775509946e-01 2.917791615410429956e-03
6.765306122448979664e-01 2.917791376747352373e-03
7.163265306122448273e-01 2.917791145120366119e-03
7.561224489795917991e-01 2.917790897149862613e-03
7.959183673469387710e-01 2.917790653196280452e-03
8.357142857142856318e-01 2.917790390933539414e-03
8.755102040816326037e-01 2.917790123938549494e-03
9.153061224489795755e-01 2.917789851111929691e-03
9.551020408163264364e-01 2.917789562679766122e-03
9.948979591836734082e-01 2.917789210625091646e-03
1.034693877551020380e+00 2.917788887274325779e-03
1.074489795918367241e+00 2.917788593743977747e-03
1.114285714285714324e+00 2.917788155759235089e-03
1.154081632653061185e+00 2.917787837638805785e-03
1.193877551020408045e+00 2.917787440748364700e-03
1.233673469387755128e+00 2.917786995289771076e-03
1.273469387755101989e+00 2.917786455928810668e-03
1.313265306122448850e+00 2.917785732525296927e-03
1.353061224489795933e+00 2.917784684377876508e-03
1.392857142857142794e+00 2.917782947960873702e-03
1.432653061224489655e+00 2.917779511069811156e-03
1.472448979591836737e+00 2.917772283232304698e-03
1.512244897959183598e+00 2.917755425394709650e-03
1.552040816326530459e+00 2.917713979175561544e-03
1.591836734693877542e+00 2.917603393978555892e-03
1.631632653061224403e+00 2.917279711329818451e-03
1.671428571428571264e+00 2.916225483261425389e-03
1.711224489795918347e+00 2.912425022589514630e-03
1.751020408163265207e+00 2.897707127211375348e-03
1.790816326530612068e+00 2.840576738785740955e-03
1.830612244897959151e+00 2.649937859111623634e-03
1.870408163265306012e+00 2.179924197755103276e-03
1.910204081632652873e+00 1.206609990349915987e-03
1.949999999999999956e+00 -8.305998355243469824e-04
