0.000000000000000000e+00 4.118419710251805185e-03
3.979591836734693716e-02 4.118419555453764480e-03
7.959183673469387432e-02 4.118419396353529757e-03
1.193877551020408045e-01 4.118419232787682259e-03
1.591836734693877486e-01 4.118419063262854923e-03
1.989795918367346927e-01 4.118418887458476924e-03
2.387755102040816091e-01 4.118418710677763592e-03
2.785714285714285809e-01 4.118418521330468804e-03
3.183673469387754973e-01 4.118418326260391525e-03
3.581632653061224136e-01 4.118418129290860562e-03
3.979591836734693855e-01 4.118417927117432389e-03
4.377551020408163018e-01 4.118417699227917839e-03
4.775510204081632182e-01 4.118417493584426020e-03
5.173469387755101900e-01 4.118417266422248063e-03
5.571428571428571619e-01 4.118417020974733320e-03
5.969387755102040227e-01 4.118416775966375100e-03
6.367346938775509946e-01 4.118416536781823595e-03
6.765306122448979664e-01 4.118416277176801220e-03
7.163265306122448273e-01 4.118415984132625489e-03
7.561224489795917991e-01 4.118415694535449388e-03
7.959183673469387710e-01 4.118415396708785016e-03
8.357142857142856318e-01 4.118415076014526541e-03
8.755102040816326037e-01 4.118414783192110053e-03
9.153061224489795755e-01 4.118414396625988058e-03
9.551020408163264364e-01 4.118414114456570886e-03
9.948979591836734082e-01 4.118413719955239978e-03
1.034693877551020380e+00 4.118413339342857221e-03
1.074489795918367241e+00 4.118412886199812432e-03
1.114285714285714324e+00 4.118412441559492210e-03
1.154081632653061185e+00 4.118411980143946681e-03
1.193877551020408045e+00 4.118411559279082021e-03
1.233673469387755128e+00 4.118410974005249151e-03
1.273469387755101989e+00 4.118410369845799252e-03
1.313265306122448850e+00 4.118409562987124760e-03
1.353061224489795933e+00 4.118408384788416893e-03
1.392857142857142794e+00 4.118406541642857105e-03
1.432653061224489655e+00 4.118402972731860512e-03
1.472448979591836737e+00 4.118395581257025539e-03
1.512244897959183598e+00 4.118378533052948799e-03
1.552040816326530459e+00 4.118336869319998150e-03
1.591836734693877542e+00 4.118226122713235411e-03
1.631632653061224403e+00 4.117902227128723489e-03
1.671428571428571264e+00 4.116847603184775432e-03
1.711224489795918347e+00 4.113046813453456914e-03
1.751020408163265207e+00 4.098328351718960420e-03
1.790816326530612068e+00 4.041197189069535047e-03
1.830612244897959151e+00 3.850568703993404330e-03
1.870408163265306012e+00 3.380554995686362810e-03
1.910204081632652873e+00 2.407243158031454559e-03
1.949999999999999956e+00 3.700348382456685034e-04
