0.000000000000000000e+00 3.681583180361020381e-03
3.979591836734693716e-02 3.681583024859184147e-03
7.959183673469387432e-02 3.681582865129534934e-03
1.193877551020408045e-01 3.681582699771241470e-03
1.591836734693877486e-01 3.681582533166380053e-03
1.989795918367346927e-01 3.681582357575978459e-03
2.387755102040816091e-01 3.681582179560729216e-03
2.785714285714285809e-01 3.681581994183903781e-03
3.183673469387754973e-01 3.681581801335402290e-03
3.581632653061224136e-01 3.681581599756626483e-03
3.979591836734693855e-01 3.681581392677304478e-03
4.377551020408163018e-01 3.681581188603869244e-03
4.775510204081632182e-01 3.681580963922284708e-03
5.173469387755101900e-01 3.681580736505947644e-03
5.571428571428571619e-01 3.681580508889420022e-03
5.969387755102040227e-01 3.681580256258159059e-03
6.367346938775509946e-01 3.681580005000924857e-03
6.765306122448979664e-01 3.681579742006722486e-03
7.163265306122448273e-01 3.681579473662743070e-03
7.561224489795917991e-01 3.681579197144374538e-03
7.959183673469387710e-01 3.681578900650286142e-03
8.357142857142856318e-01 3.681578584044642964e-03
8.755102040816326037e-01 3.681578276541544459e-03
9.153061224489795755e-01 3.681577970439444628e-03
9.551020408163264364e-01 3.681577595131819373e-03
9.948979591836734082e-01 3.681577260189838538e-03
1.034693877551020380e+00 3.681576907452665300e-03
1.074489795918367241e+00 3.681576465423054903e-03
1.114285714285714324e+00 3.681576070657026443e-03
1.154081632653061185e+00 3.681575640069822096e-03
1.193877551020408045e+00 3.681575142669900932e-03
1.233673469387755128e+00 3.681574631011932767e-03
1.273469387755101989e+00 3.681574028925517755e-03
1.313265306122448850e+00 3.681573225113869002e-03
1.353061224489795933e+00 3.681572094911247407e-03
1.392857142857142794e+00 3.681570247942480244e-03
1.432653061224489655e+00 3.681566791120757711e-03
1.472448979591836737e+00 3.681559337246396221e-03
1.512244897959183598e+00 3.681542476590897277e-03
1.552040816326530459e+00 3.681500824479339278e-03
1.591836734693877542e+00 3.681390055867139570e-03
1.631632653061224403e+00 3.681066260365346236e-03
1.671428571428571264e+00 3.680011742681381631e-03
1.711224489795918347e+00 3.676211019076962641e-03
1.751020408163265207e+00 3.661492861308277436e-03
1.790816326530612068e+00 3.604362099629004109e-03
1.830612244897959151e+00 3.413728123199187385e-03
1.870408163265306012e+00 2.943714459964095944e-03
1.910204081632652873e+00 1.970401296525843473e-03
1.949999999999999956e+00 -6.680842162698827488e-05
