0.000000000000000000e+00 3.788931320678733290e-03
3.979591836734693716e-02 3.788931164636449595e-03
7.959183673469387432e-02 3.788931003681821931e-03
1.193877551020408045e-01 3.788930837448697443e-03
1.591836734693877486e-01 3.788930668712554330e-03
1.989795918367346927e-01 3.788930493245822474e-03
2.387755102040816091e-01 3.788930312993603940e-03
2.785714285714285809e-01 3.788930126177094630e-03
3.183673469387754973e-01 3.788929930506731471e-03
3.581632653061224136e-01 3.788929733280530388e-03
3.979591836734693855e-01 3.788929528996651946e-03
4.377551020408163018e-01 3.788929316898244967e-03
4.775510204081632182e-01 3.788929107819606883e-03
5.173469387755101900e-01 3.788928867155024003e-03
5.571428571428571619e-01 3.788928646857904915e-03
5.969387755102040227e-01 3.788928402119008665e-03
6.367346938775509946e-01 3.788928128250287561e-03
6.765306122448979664e-01 3.788927862051940775e-03
7.163265306122448273e-01 3.788927585885686414e-03
7.561224489795917991e-01 3.788927294269973933e-03
7.959183673469387710e-01 3.788927017957542664e-03
8.357142857142856318e-01 3.788926706541646990e-03
8.755102040816326037e-01 3.788926400469180573e-03
9.153061224489795755e-01 3.788926019837939637e-03
9.551020408163264364e-01 3.788925733613349167e-03
9.948979591836734082e-01 3.788925347234862236e-03
1.034693877551020380e+00 3.788924936282430430e-03
1.074489795918367241e+00 3.788924537124962067e-03
1.114285714285714324e+00 3.788924141415290440e-03
1.154081632653061185e+00 3.788923701385619753e-03
1.193877551020408045e+00 3.788923210523709607e-03
1.233673469387755128e+00 3.788922712805318366e-03
1.273469387755101989e+00 3.788922114138688641e-03
1.313265306122448850e+00 3.788921252700934612e-03
1.353061224489795933e+00 3.788920148356112860e-03
1.392857142857142794e+00 3.788918304523699720e-03
1.432653061224489655e+00 3.788914813179214500e-03
1.472448979591836737e+00 3.788907339504383586e-03
1.512244897959183598e+00 3.788890455364637110e-03
1.552040816326530459e+00 3.788848756187946937e-03
1.591836734693877542e+00 3.788738037181693750e-03
1.631632653061224403e+00 3.788414205958994148e-03
1.671428571428571264e+00 3.787359635203351414e-03
1.711224489795918347e+00 3.783558936425927052e-03
1.751020408163265207e+00 3.768840702982992862e-03
1.790816326530612068e+00 3.711709886691075700e-03
1.830612244897959151e+00 3.521076998373508151e-03
1.870408163265306012e+00 3.051063399750134596e-03
1.910204081632652873e+00 2.077750483303426529e-03
1.949999999999999956e+00 4.054153306923949699e-05
