0.000000000000000000e+00 3.781881464607748933e-03
3.979591836734693716e-02 3.781881308535024744e-03
7.959183673469387432e-02 3.781881147621295788e-03
1.193877551020408045e-01 3.781880982293205594e-03
1.591836734693877486e-01 3.781880811593777477e-03
1.989795918367346927e-01 3.781880636387540805e-03
2.387755102040816091e-01 3.781880453160059007e-03
2.785714285714285809e-01 3.781880267368992448e-03
3.183673469387754973e-01 3.781880077135786090e-03
3.581632653061224136e-01 3.781879874038095949e-03
3.979591836734693855e-01 3.781879669294266420e-03
4.377551020408163018e-01 3.781879467883028905e-03
4.775510204081632182e-01 3.781879238527095354e-03
5.173469387755101900e-01 3.781879012073603111e-03
5.571428571428571619e-01 3.781878764940732086e-03
5.969387755102040227e-01 3.781878538527066493e-03
6.367346938775509946e-01 3.781878267517347052e-03
6.765306122448979664e-01 3.781877999687641156e-03
7.163265306122448273e-01 3.781877761553119940e-03
7.561224489795917991e-01 3.781877468816722751e-03
7.959183673469387710e-01 3.781877163565055926e-03
8.357142857142856318e-01 3.781876886364001714e-03
8.755102040816326037e-01 3.781876562764275272e-03
9.153061224489795755e-01 3.781876196639152431e-03
9.551020408163264364e-01 3.781875826593059705e-03
9.948979591836734082e-01 3.781875515138761155e-03
1.034693877551020380e+00 3.781875095483466266e-03
1.074489795918367241e+00 3.781874690343109673e-03
1.114285714285714324e+00 3.781874278179409802e-03
1.154081632653061185e+00 3.781873889244358970e-03
1.193877551020408045e+00 3.781873361225024117e-03
1.233673469387755128e+00 3.781872798635416404e-03
1.273469387755101989e+00 3.781872233522905365e-03
1.313265306122448850e+00 3.781871396258111410e-03
1.353061224489795933e+00 3.781870294492380245e-03
1.392857142857142794e+00 3.781868444858725239e-03
1.432653061224489655e+00 3.781864910107562462e-03
1.472448979591836737e+00 3.781857498587122123e-03
1.512244897959183598e+00 3.781840578448233178e-03
1.552040816326530459e+00 3.781798921329902405e-03
1.591836734693877542e+00 3.781688252587959292e-03
1.631632653061224403e+00 3.781364310053028557e-03
1.671428571428571264e+00 3.780309800812550747e-03
1.711224489795918347e+00 3.776509047378559785e-03
1.751020408163265207e+00 3.761790808203070973e-03
1.790816326530612068e+00 3.704659967906343953e-03
1.830612244897959151e+00 3.514027076469681144e-03
1.870408163265306012e+00 3.044013517432011661e-03
1.910204081632652873e+00 2.070700725752460270e-03
1.949999999999999956e+00 3.349154476663994889e-05
