0.000000000000000000e+00 2.764283818825591290e-03
3.979591836734693716e-02 2.764283684185515726e-03
7.959183673469387432e-02 2.764283546922726049e-03
1.193877551020408045e-01 2.764283406040621890e-03
1.591836734693877486e-01 2.764283260379953467e-03
1.989795918367346927e-01 2.764283109660857409e-03
2.387755102040816091e-01 2.764282953913589028e-03
2.785714285714285809e-01 2.764282800869515520e-03
3.183673469387754973e-01 2.764282633318442244e-03
3.581632653061224136e-01 2.764282468360691226e-03
3.979591836734693855e-01 2.764282291538223101e-03
4.377551020408163018e-01 2.764282111159122122e-03
4.775510204081632182e-01 2.764281931035699868e-03
5.173469387755101900e-01 2.764281750977035709e-03
5.571428571428571619e-01 2.764281531973819539e-03
5.969387755102040227e-01 2.764281331478286169e-03
6.367346938775509946e-01 2.764281123927148868e-03
6.765306122448979664e-01 2.764280893085199146e-03
7.163265306122448273e-01 2.764280666531244296e-03
7.561224489795917991e-01 2.764280438475373233e-03
7.959183673469387710e-01 2.764280211134684858e-03
8.357142857142856318e-01 2.764279932327029510e-03
8.755102040816326037e-01 2.764279650248095948e-03
9.153061224489795755e-01 2.764279410689783091e-03
9.551020408163264364e-01 2.764279096963492052e-03
9.948979591836734082e-01 2.764278816107118737e-03
1.034693877551020380e+00 2.764278510254897150e-03
1.074489795918367241e+00 2.764278141792935253e-03
1.114285714285714324e+00 2.764277864803556337e-03
1.154081632653061185e+00 2.764277471276753613e-03
1.193877551020408045e+00 2.764277134023086779e-03
1.233673469387755128e+00 2.764276646791425946e-03
1.273469387755101989e+00 2.764276121461785481e-03
1.313265306122448850e+00 2.764275445743230152e-03
1.353061224489795933e+00 2.764274410737410821e-03
1.392857142857142794e+00 2.764272681308800085e-03
1.432653061224489655e+00 2.764269318279114190e-03
1.472448979591836737e+00 2.764262078094734208e-03
1.512244897959183598e+00 2.764245287642087476e-03
1.552040816326530459e+00 2.764203813773611230e-03
1.591836734693877542e+00 2.764093317637114980e-03
1.631632653061224403e+00 2.763769704396228967e-03
1.671428571428571264e+00 2.762715426910733983e-03
1.711224489795918347e+00 2.758915005226864319e-03
1.751020408163265207e+00 2.744197179927317272e-03
1.790816326530612068e+00 2.687067124675133947e-03
1.830612244897959151e+00 2.496427551167489534e-03
1.870408163265306012e+00 2.026413700842015411e-03
1.910204081632652873e+00 1.053099296763519406e-03
1.949999999999999956e+00 -9.841109501777963158e-04
