0.000000000000000000e+00 3.179068301768598996e-03
3.979591836734693716e-02 3.179068154941849019e-03
7.959183673469387432e-02 3.179068004950632523e-03
1.193877551020408045e-01 3.179067850008919852e-03
1.591836734693877486e-01 3.179067693235976700e-03
1.989795918367346927e-01 3.179067526484671228e-03
2.387755102040816091e-01 3.179067356335688651e-03
2.785714285714285809e-01 3.179067184708975809e-03
3.183673469387754973e-01 3.179067005360224681e-03
3.581632653061224136e-01 3.179066815106769330e-03
3.979591836734693855e-01 3.179066628061577495e-03
4.377551020408163018e-01 3.179066437076659511e-03
4.775510204081632182e-01 3.179066230037120352e-03
5.173469387755101900e-01 3.179066018738256096e-03
5.571428571428571619e-01 3.179065796570259856e-03
5.969387755102040227e-01 3.179065590780238548e-03
6.367346938775509946e-01 3.179065348992420048e-03
6.765306122448979664e-01 3.179065088893880120e-03
7.163265306122448273e-01 3.179064851596847402e-03
7.561224489795917991e-01 3.179064592248250550e-03
7.959183673469387710e-01 3.179064313471978084e-03
8.357142857142856318e-01 3.179064008742194143e-03
8.755102040816326037e-01 3.179063724512304952e-03
9.153061224489795755e-01 3.179063461639861088e-03
9.551020408163264364e-01 3.179063133334950487e-03
9.948979591836734082e-01 3.179062828709599935e-03
1.034693877551020380e+00 3.179062436035925109e-03
1.074489795918367241e+00 3.179062070753970685e-03
1.114285714285714324e+00 3.179061724940685126e-03
1.154081632653061185e+00 3.179061269996908464e-03
1.193877551020408045e+00 3.179060894232998893e-03
1.233673469387755128e+00 3.179060366449948990e-03
1.273469387755101989e+00 3.179059824838058670e-03
1.313265306122448850e+00 3.179059146324287460e-03
1.353061224489795933e+00 3.179058066712737562e-03
1.392857142857142794e+00 3.179056251458145955e-03
1.432653061224489655e+00 3.179052832133134887e-03
1.472448979591836737e+00 3.179045492476622117e-03
1.512244897959183598e+00 3.179028617485964679e-03
1.552040816326530459e+00 3.178987076276516225e-03
1.591836734693877542e+00 3.178876457545496033e-03
1.631632653061224403e+00 3.178552780749573786e-03
1.671428571428571264e+00 3.177498379198986402e-03
1.711224489795918347e+00 3.173697794624720254e-03
1.751020408163265207e+00 3.158979869199180640e-03
1.790816326530612068e+00 3.101849374513079242e-03
1.830612244897959151e+00 2.911211721419005617e-03
1.870408163265306012e+00 2.441198041692923312e-03
1.910204081632652873e+00 1.467884001478170046e-03
1.949999999999999956e+00 -5.693260409858191123e-04
