0.000000000000000000e+00 4.909226107496310505e-03
3.979591836734693716e-02 4.909226055294950951e-03
7.959183673469387432e-02 4.909226000414297977e-03
1.193877551020408045e-01 4.909225943802868024e-03
1.591836734693877486e-01 4.909225884581607316e-03
1.989795918367346927e-01 4.909225823260870633e-03
2.387755102040816091e-01 4.909225759925821622e-03
2.785714285714285809e-01 4.909225690189651659e-03
3.183673469387754973e-01 4.909225621585694942e-03
3.581632653061224136e-01 4.909225546676493704e-03
3.979591836734693855e-01 4.909225466182650342e-03
4.377551020408163018e-01 4.909225389559982063e-03
4.775510204081632182e-01 4.909225298116055847e-03
5.173469387755101900e-01 4.909225201990393729e-03
5.571428571428571619e-01 4.909225115419228562e-03
5.969387755102040227e-01 4.909225012633314233e-03
6.367346938775509946e-01 4.909224910304136984e-03
6.765306122448979664e-01 4.909224797907927457e-03
7.163265306122448273e-01 4.909224667653713792e-03
7.561224489795917991e-01 4.909224571843489454e-03
7.959183673469387710e-01 4.909224401483106535e-03
8.357142857142856318e-01 4.909224264648860345e-03
8.755102040816326037e-01 4.909224118966943294e-03
9.153061224489795755e-01 4.909223983664252368e-03
9.551020408163264364e-01 4.909223803479149419e-03
9.948979591836734082e-01 4.909223586364427384e-03
1.034693877551020380e+00 4.909223449411626722e-03
1.074489795918367241e+00 4.909223199876798158e-03
1.114285714285714324e+00 4.909222979785491867e-03
1.154081632653061185e+00 4.909222709475869958e-03
1.193877551020408045e+00 4.909222475686810666e-03
1.233673469387755128e+00 4.909222131447303974e-03
1.273469387755101989e+00 4.909221763384179725e-03
1.313265306122448850e+00 4.909221134468778197e-03
1.353061224489795933e+00 4.909220264219256447e-03
1.392857142857142794e+00 4.909218618608378847e-03
1.432653061224489655e+00 4.909215353903795785e-03
1.472448979591836737e+00 4.909208195290110446e-03
1.512244897959183598e+00 4.909191477303697683e-03
1.552040816326530459e+00 4.909150092770058274e-03
1.591836734693877542e+00 4.909039549327987202e-03
1.631632653061224403e+00 4.908715998579841339e-03
1.671428571428571264e+00 4.907661620984910857e-03
1.711224489795918347e+00 4.903861078152663838e-03
1.751020408163265207e+00 4.889142284363363553e-03
1.790816326530612068e+00 4.832009630926996369e-03
1.830612244897959151e+00 4.641418924243952658e-03
1.870408163265306012e+00 4.171402789971282235e-03
1.910204081632652873e+00 3.198097250793531781e-03
1.949999999999999956e+00 1.160896465119156968e-03
