0.000000000000000000e+00 3.844576149046800666e-03
3.979591836734693716e-02 3.844575992288306026e-03
7.959183673469387432e-02 3.844575831448195265e-03
1.193877551020408045e-01 3.844575667223724437e-03
1.591836734693877486e-01 3.844575496073569191e-03
1.989795918367346927e-01 3.844575320672081152e-03
2.387755102040816091e-01 3.844575135904590348e-03
2.785714285714285809e-01 3.844574950345921224e-03
3.183673469387754973e-01 3.844574753388973077e-03
3.581632653061224136e-01 3.844574553474730799e-03
3.979591836734693855e-01 3.844574348230342473e-03
4.377551020408163018e-01 3.844574134469583380e-03
4.775510204081632182e-01 3.844573902868558130e-03
5.173469387755101900e-01 3.844573679129991827e-03
5.571428571428571619e-01 3.844573441105460752e-03
5.969387755102040227e-01 3.844573190572065074e-03
6.367346938775509946e-01 3.844572964994004069e-03
6.765306122448979664e-01 3.844572704696230282e-03
7.163265306122448273e-01 3.844572426727754354e-03
7.561224489795917991e-01 3.844572136368976534e-03
7.959183673469387710e-01 3.844571830044402321e-03
8.357142857142856318e-01 3.844571498311554099e-03
8.755102040816326037e-01 3.844571214618467715e-03
9.153061224489795755e-01 3.844570866465233175e-03
9.551020408163264364e-01 3.844570539293104376e-03
9.948979591836734082e-01 3.844570179392693687e-03
1.034693877551020380e+00 3.844569768185263168e-03
1.074489795918367241e+00 3.844569355558727797e-03
1.114285714285714324e+00 3.844568965266069362e-03
1.154081632653061185e+00 3.844568489513317932e-03
1.193877551020408045e+00 3.844568010174399548e-03
1.233673469387755128e+00 3.844567492512193478e-03
1.273469387755101989e+00 3.844566829647819411e-03
1.313265306122448850e+00 3.844566048314582152e-03
1.353061224489795933e+00 3.844564934562062688e-03
1.392857142857142794e+00 3.844563068427575732e-03
1.432653061224489655e+00 3.844559575352542082e-03
1.472448979591836737e+00 3.844552105854524143e-03
1.512244897959183598e+00 3.844535162621811036e-03
1.552040816326530459e+00 3.844493564928232708e-03
1.591836734693877542e+00 3.844382797382275580e-03
1.631632653061224403e+00 3.844058958765134149e-03
1.671428571428571264e+00 3.843004384822945336e-03
1.711224489795918347e+00 3.839203664727368868e-03
1.751020408163265207e+00 3.824485413897653428e-03
1.790816326530612068e+00 3.767354431241941130e-03
1.830612244897959151e+00 3.576722366499004383e-03
1.870408163265306012e+00 3.106708549232309931e-03
1.910204081632652873e+00 2.133395823201146742e-03
1.949999999999999956e+00 9.618628071453044109e-05
