0.000000000000000000e+00 3.150055364454327090e-03
3.979591836734693716e-02 3.150055218802632392e-03
7.959183673469387432e-02 3.150055068697125375e-03
1.193877551020408045e-01 3.150054915398231830e-03
1.591836734693877486e-01 3.150054757696106600e-03
1.989795918367346927e-01 3.150054593693251033e-03
2.387755102040816091e-01 3.150054425911355885e-03
2.785714285714285809e-01 3.150054258532078780e-03
3.183673469387754973e-01 3.150054079022309751e-03
3.581632653061224136e-01 3.150053888196988928e-03
3.979591836734693855e-01 3.150053696645724061e-03
4.377551020408163018e-01 3.150053520326283243e-03
4.775510204081632182e-01 3.150053294528437110e-03
5.173469387755101900e-01 3.150053092178895474e-03
5.571428571428571619e-01 3.150052869203413645e-03
5.969387755102040227e-01 3.150052644633652855e-03
6.367346938775509946e-01 3.150052416448697983e-03
6.765306122448979664e-01 3.150052167521722162e-03
7.163265306122448273e-01 3.150051923808368411e-03
7.561224489795917991e-01 3.150051673714770236e-03
7.959183673469387710e-01 3.150051406089538798e-03
8.357142857142856318e-01 3.150051133906272421e-03
8.755102040816326037e-01 3.150050856792036783e-03
9.153061224489795755e-01 3.150050525825151809e-03
9.551020408163264364e-01 3.150050221861897069e-03
9.948979591836734082e-01 3.150049900861623398e-03
1.034693877551020380e+00 3.150049572656697921e-03
1.074489795918367241e+00 3.150049232855831223e-03
1.114285714285714324e+00 3.150048828276426956e-03
1.154081632653061185e+00 3.150048427718636895e-03
1.193877551020408045e+00 3.150047995642905798e-03
1.233673469387755128e+00 3.150047489147248751e-03
1.273469387755101989e+00 3.150046900571805593e-03
1.313265306122448850e+00 3.150046242371399088e-03
1.353061224489795933e+00 3.150045183318550199e-03
1.392857142857142794e+00 3.150043398471504864e-03
1.432653061224489655e+00 3.150039915024993586e-03
1.472448979591836737e+00 3.150032625235412581e-03
1.512244897959183598e+00 3.150015760708295767e-03
1.552040816326530459e+00 3.149974208192331260e-03
1.591836734693877542e+00 3.149863649249367518e-03
1.631632653061224403e+00 3.149539920688963247e-03
1.671428571428571264e+00 3.148485500419741581e-03
1.711224489795918347e+00 3.144684974217041695e-03
1.751020408163265207e+00 3.129967046508203097e-03
1.790816326530612068e+00 3.072836629304840240e-03
1.830612244897959151e+00 2.882198937770012129e-03
1.870408163265306012e+00 2.412185018084283920e-03
1.910204081632652873e+00 1.438871275154408142e-03
1.949999999999999956e+00 -5.983392216074393541e-04
