0.000000000000000000e+00 3.201545309330978886e-03
3.979591836734693716e-02 3.201545162022184816e-03
7.959183673469387432e-02 3.201545011286147883e-03
1.193877551020408045e-01 3.201544855612666399e-03
1.591836734693877486e-01 3.201544695633458133e-03
1.989795918367346927e-01 3.201544530873050558e-03
2.387755102040816091e-01 3.201544362275699634e-03
2.785714285714285809e-01 3.201544187336938675e-03
3.183673469387754973e-01 3.201544011483103275e-03
3.581632653061224136e-01 3.201543825363808386e-03
3.979591836734693855e-01 3.201543633126766562e-03
4.377551020408163018e-01 3.201543426973629466e-03
4.775510204081632182e-01 3.201543225079110568e-03
5.173469387755101900e-01 3.201543028151387308e-03
5.571428571428571619e-01 3.201542800842317304e-03
5.969387755102040227e-01 3.201542578589619287e-03
6.367346938775509946e-01 3.201542332360054338e-03
6.765306122448979664e-01 3.201542088570554900e-03
7.163265306122448273e-01 3.201541837375790692e-03
7.561224489795917991e-01 3.201541565969284915e-03
7.959183673469387710e-01 3.201541315672191967e-03
8.357142857142856318e-01 3.201541019565910112e-03
8.755102040816326037e-01 3.201540731996558534e-03
9.153061224489795755e-01 3.201540438142697585e-03
9.551020408163264364e-01 3.201540114689687983e-03
9.948979591836734082e-01 3.201539778654039457e-03
1.034693877551020380e+00 3.201539432747080999e-03
1.074489795918367241e+00 3.201539067976981890e-03
1.114285714285714324e+00 3.201538697119609301e-03
1.154081632653061185e+00 3.201538281092416137e-03
1.193877551020408045e+00 3.201537839466240404e-03
1.233673469387755128e+00 3.201537347404992753e-03
1.273469387755101989e+00 3.201536781280192503e-03
1.313265306122448850e+00 3.201536088248179649e-03
1.353061224489795933e+00 3.201535025226429163e-03
1.392857142857142794e+00 3.201533233964513891e-03
1.432653061224489655e+00 3.201529764981805165e-03
1.472448979591836737e+00 3.201522422966728964e-03
1.512244897959183598e+00 3.201505574325637718e-03
1.552040816326530459e+00 3.201464047234879855e-03
1.591836734693877542e+00 3.201353420620133873e-03
1.631632653061224403e+00 3.201029712248859918e-03
1.671428571428571264e+00 3.199975311820146395e-03
1.711224489795918347e+00 3.196174793532960672e-03
1.751020408163265207e+00 3.181456708925381547e-03
1.790816326530612068e+00 3.124326327236972081e-03
1.830612244897959151e+00 2.933688893639428349e-03
1.870408163265306012e+00 2.463675094095185876e-03
1.910204081632652873e+00 1.490361571922582369e-03
1.949999999999999956e+00 -5.468489763619626938e-04
