0.000000000000000000e+00 2.951456714498776421e-03
3.979591836734693716e-02 2.951456574427098641e-03
7.959183673469387432e-02 2.951456431209490729e-03
1.193877551020408045e-01 2.951456283301338423e-03
1.591836734693877486e-01 2.951456129943037972e-03
1.989795918367346927e-01 2.951455974617548089e-03
2.387755102040816091e-01 2.951455814981773871e-03
2.785714285714285809e-01 2.951455645732962724e-03
3.183673469387754973e-01 2.951455471093444166e-03
3.581632653061224136e-01 2.951455292201073197e-03
3.979591836734693855e-01 2.951455113207041361e-03
4.377551020408163018e-01 2.951454938431380837e-03
4.775510204081632182e-01 2.951454726756311438e-03
5.173469387755101900e-01 2.951454529019311053e-03
5.571428571428571619e-01 2.951454334520115658e-03
5.969387755102040227e-01 2.951454116898039916e-03
6.367346938775509946e-01 2.951453877249776443e-03
6.765306122448979664e-01 2.951453647681352710e-03
7.163265306122448273e-01 2.951453412033499483e-03
7.561224489795917991e-01 2.951453160086718337e-03
7.959183673469387710e-01 2.951452921808371196e-03
8.357142857142856318e-01 2.951452636172143418e-03
8.755102040816326037e-01 2.951452373445787123e-03
9.153061224489795755e-01 2.951452073784861709e-03
9.551020408163264364e-01 2.951451804481549854e-03
9.948979591836734082e-01 2.951451481566125853e-03
1.034693877551020380e+00 2.951451151390375831e-03
1.074489795918367241e+00 2.951450828035472214e-03
1.114285714285714324e+00 2.951450447513132447e-03
1.154081632653061185e+00 2.951450034891338076e-03
1.193877551020408045e+00 2.951449645347417085e-03
1.233673469387755128e+00 2.951449170869098037e-03
1.273469387755101989e+00 2.951448680419879473e-03
1.313265306122448850e+00 2.951447934498017435e-03
1.353061224489795933e+00 2.951446896632574542e-03
1.392857142857142794e+00 2.951445132222518114e-03
1.432653061224489655e+00 2.951441730684783039e-03
1.472448979591836737e+00 2.951434483170858099e-03
1.512244897959183598e+00 2.951417666340912585e-03
1.552040816326530459e+00 2.951376140167623948e-03
1.591836734693877542e+00 2.951265571927744538e-03
1.631632653061224403e+00 2.950941954845569693e-03
1.671428571428571264e+00 2.949887577184777399e-03
1.711224489795918347e+00 2.946087185718036013e-03
1.751020408163265207e+00 2.931369283269761455e-03
1.790816326530612068e+00 2.874238995764124682e-03
1.830612244897959151e+00 2.683600205338877807e-03
1.870408163265306012e+00 2.213586337593190841e-03
1.910204081632652873e+00 1.240272172067544186e-03
1.949999999999999956e+00 -7.969385327600555461e-04
