0.000000000000000000e+00 3.249994864883365853e-03
3.979591836734693716e-02 3.249994716596651782e-03
7.959183673469387432e-02 3.249994564364272302e-03
1.193877551020408045e-01 3.249994408394168716e-03
1.591836734693877486e-01 3.249994245446489929e-03
1.989795918367346927e-01 3.249994080592491421e-03
2.387755102040816091e-01 3.249993908013950987e-03
2.785714285714285809e-01 3.249993733451260296e-03
3.183673469387754973e-01 3.249993553981037325e-03
3.581632653061224136e-01 3.249993365053684830e-03
3.979591836734693855e-01 3.249993169730307132e-03
4.377551020408163018e-01 3.249992969064951706e-03
4.775510204081632182e-01 3.249992762490502753e-03
5.173469387755101900e-01 3.249992541279241639e-03
5.571428571428571619e-01 3.249992331195427145e-03
5.969387755102040227e-01 3.249992095123542448e-03
6.367346938775509946e-01 3.249991865167500826e-03
6.765306122448979664e-01 3.249991616573137416e-03
7.163265306122448273e-01 3.249991368028203216e-03
7.561224489795917991e-01 3.249991105685368260e-03
7.959183673469387710e-01 3.249990824671212305e-03
8.357142857142856318e-01 3.249990537996991051e-03
8.755102040816326037e-01 3.249990266366914547e-03
9.153061224489795755e-01 3.249989952091842868e-03
9.551020408163264364e-01 3.249989665441312299e-03
9.948979591836734082e-01 3.249989294069324883e-03
1.034693877551020380e+00 3.249988929795931316e-03
1.074489795918367241e+00 3.249988554671414363e-03
1.114285714285714324e+00 3.249988134243265037e-03
1.154081632653061185e+00 3.249987739334767641e-03
1.193877551020408045e+00 3.249987305687457306e-03
1.233673469387755128e+00 3.249986836328488081e-03
1.273469387755101989e+00 3.249986274592066814e-03
1.313265306122448850e+00 3.249985511851293928e-03
1.353061224489795933e+00 3.249984425981123672e-03
1.392857142857142794e+00 3.249982676729563664e-03
1.432653061224489655e+00 3.249979240375699008e-03
1.472448979591836737e+00 3.249971849733870877e-03
1.512244897959183598e+00 3.249954993945987792e-03
1.552040816326530459e+00 3.249913488608111543e-03
1.591836734693877542e+00 3.249802852946811257e-03
1.631632653061224403e+00 3.249479105974920675e-03
1.671428571428571264e+00 3.248424623961205810e-03
1.711224489795918347e+00 3.244624159257146305e-03
1.751020408163265207e+00 3.229906043349059855e-03
1.790816326530612068e+00 3.172775571557413452e-03
1.830612244897959151e+00 2.982138396814815878e-03
1.870408163265306012e+00 2.512124496909439071e-03
1.910204081632652873e+00 1.538810742740725959e-03
1.949999999999999956e+00 -4.983991190431567983e-04
