0.000000000000000000e+00 3.408729337284910604e-03
3.979591836734693716e-02 3.408729185660666627e-03
7.959183673469387432e-02 3.408729030145335546e-03
1.193877551020408045e-01 3.408728869199329024e-03
1.591836734693877486e-01 3.408728704962420662e-03
1.989795918367346927e-01 3.408728535348975845e-03
2.387755102040816091e-01 3.408728365077295409e-03
2.785714285714285809e-01 3.408728179071784069e-03
3.183673469387754973e-01 3.408727992852689237e-03
3.581632653061224136e-01 3.408727800203513979e-03
3.979591836734693855e-01 3.408727607062820002e-03
4.377551020408163018e-01 3.408727389774772205e-03
4.775510204081632182e-01 3.408727184615992049e-03
5.173469387755101900e-01 3.408726981286914516e-03
5.571428571428571619e-01 3.408726743412283499e-03
5.969387755102040227e-01 3.408726507543806405e-03
6.367346938775509946e-01 3.408726259911580916e-03
6.765306122448979664e-01 3.408725999970911233e-03
7.163265306122448273e-01 3.408725767383690049e-03
7.561224489795917991e-01 3.408725488662888402e-03
7.959183673469387710e-01 3.408725208049599286e-03
8.357142857142856318e-01 3.408724904696883076e-03
8.755102040816326037e-01 3.408724609314869088e-03
9.153061224489795755e-01 3.408724249407660452e-03
9.551020408163264364e-01 3.408723999646960049e-03
9.948979591836734082e-01 3.408723572703554940e-03
1.034693877551020380e+00 3.408723232940242837e-03
1.074489795918367241e+00 3.408722846010387927e-03
1.114285714285714324e+00 3.408722463081511386e-03
1.154081632653061185e+00 3.408722054188103538e-03
1.193877551020408045e+00 3.408721568601895142e-03
1.233673469387755128e+00 3.408721094418192422e-03
1.273469387755101989e+00 3.408720482336540132e-03
1.313265306122448850e+00 3.408719749297212109e-03
1.353061224489795933e+00 3.408718623638476615e-03
1.392857142857142794e+00 3.408716840164464044e-03
1.432653061224489655e+00 3.408713390362976599e-03
1.472448979591836737e+00 3.408705991148580899e-03
1.512244897959183598e+00 3.408689098395487407e-03
1.552040816326530459e+00 3.408647537373088628e-03
1.591836734693877542e+00 3.408536910690134186e-03
1.631632653061224403e+00 3.408213075135548605e-03
1.671428571428571264e+00 3.407158653002393886e-03
1.711224489795918347e+00 3.403357947604340565e-03
1.751020408163265207e+00 3.388639991874917417e-03
1.790816326530612068e+00 3.331509293574542140e-03
1.830612244897959151e+00 3.140873086105052097e-03
1.870408163265306012e+00 2.670859595094074966e-03
1.910204081632652873e+00 1.697546075885279912e-03
1.949999999999999956e+00 -3.396640843858856956e-04
