0.000000000000000000e+00 3.070209382342615426e-03
3.979591836734693716e-02 3.070209238405845805e-03
7.959183673469387432e-02 3.070209090973467000e-03
1.193877551020408045e-01 3.070208939989967425e-03
1.591836734693877486e-01 3.070208785134589773e-03
1.989795918367346927e-01 3.070208621798440046e-03
2.387755102040816091e-01 3.070208460309150223e-03
2.785714285714285809e-01 3.070208285059027650e-03
3.183673469387754973e-01 3.070208109576493764e-03
3.581632653061224136e-01 3.070207926727612762e-03
3.979591836734693855e-01 3.070207740724159237e-03
4.377551020408163018e-01 3.070207544788599360e-03
4.775510204081632182e-01 3.070207342534222051e-03
5.173469387755101900e-01 3.070207144940067471e-03
5.571428571428571619e-01 3.070206935705014142e-03
5.969387755102040227e-01 3.070206712473668408e-03
6.367346938775509946e-01 3.070206475310091436e-03
6.765306122448979664e-01 3.070206237312594726e-03
7.163265306122448273e-01 3.070205999867888468e-03
7.561224489795917991e-01 3.070205763726250540e-03
7.959183673469387710e-01 3.070205486360702042e-03
8.357142857142856318e-01 3.070205201218305802e-03
8.755102040816326037e-01 3.070204889763485535e-03
9.153061224489795755e-01 3.070204677991913468e-03
9.551020408163264364e-01 3.070204324320885674e-03
9.948979591836734082e-01 3.070204023043468164e-03
1.034693877551020380e+00 3.070203674155177510e-03
1.074489795918367241e+00 3.070203304947499191e-03
1.114285714285714324e+00 3.070202935138572654e-03
1.154081632653061185e+00 3.070202570038864376e-03
1.193877551020408045e+00 3.070202105761692980e-03
1.233673469387755128e+00 3.070201618743735334e-03
1.273469387755101989e+00 3.070201046535091152e-03
1.313265306122448850e+00 3.070200326287471793e-03
1.353061224489795933e+00 3.070199339209122181e-03
1.392857142857142794e+00 3.070197594033069032e-03
1.432653061224489655e+00 3.070194154346811422e-03
1.472448979591836737e+00 3.070186784320741089e-03
1.512244897959183598e+00 3.070169969156266287e-03
1.552040816326530459e+00 3.070128454299685204e-03
1.591836734693877542e+00 3.070017844951867126e-03
1.631632653061224403e+00 3.069694155541914833e-03
1.671428571428571264e+00 3.068639810035148074e-03
1.711224489795918347e+00 3.064839235992705170e-03
1.751020408163265207e+00 3.050121360850689863e-03
1.790816326530612068e+00 2.992990970656606367e-03
1.830612244897959151e+00 2.802352745130340817e-03
1.870408163265306012e+00 2.332339003152415508e-03
1.910204081632652873e+00 1.359025078237451924e-03
1.949999999999999956e+00 -6.781850331846599753e-04
