0.000000000000000000e+00 3.227737474919670484e-03
3.979591836734693716e-02 3.227737327061099178e-03
7.959183673469387432e-02 3.227737175406304986e-03
1.193877551020408045e-01 3.227737019885830883e-03
1.591836734693877486e-01 3.227736860261210070e-03
1.989795918367346927e-01 3.227736692821781429e-03
2.387755102040816091e-01 3.227736523834162825e-03
2.785714285714285809e-01 3.227736352039491021e-03
3.183673469387754973e-01 3.227736171869558662e-03
3.581632653061224136e-01 3.227735983294770499e-03
3.979591836734693855e-01 3.227735792008949115e-03
4.377551020408163018e-01 3.227735589853362140e-03
4.775510204081632182e-01 3.227735382448148910e-03
5.173469387755101900e-01 3.227735174069935788e-03
5.571428571428571619e-01 3.227734950120708570e-03
5.969387755102040227e-01 3.227734724414173511e-03
6.367346938775509946e-01 3.227734492692332143e-03
6.765306122448979664e-01 3.227734245748112296e-03
7.163265306122448273e-01 3.227733978371084226e-03
7.561224489795917991e-01 3.227733736913234418e-03
7.959183673469387710e-01 3.227733446711377081e-03
8.357142857142856318e-01 3.227733154849291367e-03
8.755102040816326037e-01 3.227732866490616755e-03
9.153061224489795755e-01 3.227732613384163857e-03
9.551020408163264364e-01 3.227732248168241683e-03
9.948979591836734082e-01 3.227731908221896737e-03
1.034693877551020380e+00 3.227731537897325816e-03
1.074489795918367241e+00 3.227731214010371233e-03
1.114285714285714324e+00 3.227730798005242017e-03
1.154081632653061185e+00 3.227730418932461473e-03
1.193877551020408045e+00 3.227729989846798639e-03
1.233673469387755128e+00 3.227729460567673337e-03
1.273469387755101989e+00 3.227728927482810626e-03
1.313265306122448850e+00 3.227728192037353054e-03
1.353061224489795933e+00 3.227727107389699677e-03
1.392857142857142794e+00 3.227725343919937966e-03
1.432653061224489655e+00 3.227721886767158203e-03
1.472448979591836737e+00 3.227714527367726762e-03
1.512244897959183598e+00 3.227697643106090808e-03
1.552040816326530459e+00 3.227656145619155377e-03
1.591836734693877542e+00 3.227545501416205064e-03
1.631632653061224403e+00 3.227221776635830902e-03
1.671428571428571264e+00 3.226167376365192754e-03
1.711224489795918347e+00 3.222366841263230898e-03
1.751020408163265207e+00 3.207648739350600284e-03
1.790816326530612068e+00 3.150518341048906719e-03
1.830612244897959151e+00 2.959880917428048264e-03
1.870408163265306012e+00 2.489867367808988770e-03
1.910204081632652873e+00 1.516553252752400084e-03
1.949999999999999956e+00 -5.206566433510245642e-04
