0.000000000000000000e+00 3.619327886098808351e-03
3.979591836734693716e-02 3.619327731196076651e-03
7.959183673469387432e-02 3.619327572177166632e-03
1.193877551020408045e-01 3.619327409214203196e-03
1.591836734693877486e-01 3.619327240714626491e-03
1.989795918367346927e-01 3.619327066545188938e-03
2.387755102040816091e-01 3.619326886657990485e-03
2.785714285714285809e-01 3.619326699401769973e-03
3.183673469387754973e-01 3.619326508491400429e-03
3.581632653061224136e-01 3.619326315905713014e-03
3.979591836734693855e-01 3.619326113407607924e-03
4.377551020408163018e-01 3.619325903967270455e-03
4.775510204081632182e-01 3.619325669621981188e-03
5.173469387755101900e-01 3.619325458633484115e-03
5.571428571428571619e-01 3.619325232920092995e-03
5.969387755102040227e-01 3.619324995307653722e-03
6.367346938775509946e-01 3.619324746264663498e-03
6.765306122448979664e-01 3.619324488142041264e-03
7.163265306122448273e-01 3.619324198171810277e-03
7.561224489795917991e-01 3.619323930767630315e-03
7.959183673469387710e-01 3.619323641050557934e-03
8.357142857142856318e-01 3.619323347885136308e-03
8.755102040816326037e-01 3.619323026859149264e-03
9.153061224489795755e-01 3.619322664569859117e-03
9.551020408163264364e-01 3.619322349848386276e-03
9.948979591836734082e-01 3.619321981991792999e-03
1.034693877551020380e+00 3.619321610122279518e-03
1.074489795918367241e+00 3.619321230240816426e-03
1.114285714285714324e+00 3.619320843789857519e-03
1.154081632653061185e+00 3.619320382421324298e-03
1.193877551020408045e+00 3.619319936510598853e-03
1.233673469387755128e+00 3.619319375105853678e-03
1.273469387755101989e+00 3.619318804161708418e-03
1.313265306122448850e+00 3.619317995375756578e-03
1.353061224489795933e+00 3.619316927632185935e-03
1.392857142857142794e+00 3.619315070714011588e-03
1.432653061224489655e+00 3.619311580863939903e-03
1.472448979591836737e+00 3.619304168432345599e-03
1.512244897959183598e+00 3.619287248671799843e-03
1.552040816326530459e+00 3.619245614688658148e-03
1.591836734693877542e+00 3.619134952202888132e-03
1.631632653061224403e+00 3.618811089136008026e-03
1.671428571428571264e+00 3.617756707274461837e-03
1.711224489795918347e+00 3.613955981748027783e-03
1.751020408163265207e+00 3.599237686879032741e-03
1.790816326530612068e+00 3.542107006720195649e-03
1.830612244897959151e+00 3.351472513378587342e-03
1.870408163265306012e+00 2.881459051029624380e-03
1.910204081632652873e+00 1.908145828578580077e-03
1.949999999999999956e+00 -1.290641675138543736e-04
